:tag:id:vote:answer:views:accepted:date
0:ecmascript-6:69653885:0:0:20:False:2021-10-20
1:ecmascript-6:69653003:0:2:36:False:2021-10-20
2:ecmascript-6:69651222:0:1:31:True:2021-10-20
3:ecmascript-6:69646852:0:2:82:True:2021-10-20
4:ecmascript-6:69646071:2:0:22:False:2021-10-20
5:ecmascript-6:69644968:1:1:19:True:2021-10-20
6:ecmascript-6:69643759:0:0:16:False:2021-10-20
7:ecmascript-6:69640106:0:1:23:False:2021-10-20
8:ecmascript-6:69640098:2:1:24:True:2021-10-20
9:ecmascript-6:69639660:0:2:23:False:2021-10-20
10:ecmascript-6:69639185:-1:1:46:False:2021-10-20
11:ecmascript-6:69637155:0:1:30:True:2021-10-19
12:ecmascript-6:69636400:0:0:25:False:2021-10-19
13:ecmascript-6:69636253:0:0:20:False:2021-10-19
14:ecmascript-6:69635546:0:2:42:False:2021-10-19
15:ecmascript-6:69631411:0:1:20:False:2021-10-19
16:ecmascript-6:69630459:-1:0:26:False:2021-10-19
17:ecmascript-6:69628195:-5:1:47:True:2021-10-19
18:ecmascript-6:69625627:0:0:30:False:2021-10-19
19:ecmascript-6:69618671:0:1:62:True:2021-10-18
20:ecmascript-6:69609118:0:0:37:False:2021-10-17
21:ecmascript-6:69606659:0:0:26:False:2021-10-17
22:ecmascript-6:69600912:2:1:26:False:2021-10-17
23:ecmascript-6:69599499:1:1:50:True:2021-10-16
24:ecmascript-6:69599083:-2:0:77:False:2021-10-16
25:ecmascript-6:69598090:-1:2:32:True:2021-10-16
26:ecmascript-6:69597667:-1:0:23:False:2021-10-16
27:ecmascript-6:69596649:0:0:18:False:2021-10-16
28:ecmascript-6:69595665:1:1:29:True:2021-10-16
29:ecmascript-6:69594943:1:2:44:True:2021-10-16
30:ecmascript-6:69591180:0:3:50:False:2021-10-15
31:ecmascript-6:69590599:0:1:32:False:2021-10-15
32:ecmascript-6:69589446:1:3:58:True:2021-10-15
33:ecmascript-6:69587183:0:0:26:False:2021-10-15
34:ecmascript-6:69585722:-1:2:55:True:2021-10-15
35:ecmascript-6:69583669:0:1:15:True:2021-10-15
36:ecmascript-6:69579860:0:0:26:False:2021-10-15
37:ecmascript-6:69574834:1:1:14:False:2021-10-14
38:ecmascript-6:69573595:0:1:35:False:2021-10-14
39:ecmascript-6:69573211:0:0:6:False:2021-10-14
40:ecmascript-6:69570852:1:1:19:False:2021-10-14
41:ecmascript-6:69562932:0:1:28:False:2021-10-13
42:ecmascript-6:69561892:0:3:50:False:2021-10-13
43:ecmascript-6:69561009:0:1:22:False:2021-10-13
44:ecmascript-6:69560688:0:1:26:True:2021-10-13
45:ecmascript-6:69551880:0:2:46:True:2021-10-13
46:ecmascript-6:69550320:1:2:30:False:2021-10-13
47:ecmascript-6:69549640:0:2:57:True:2021-10-13
48:ecmascript-6:69549389:-2:1:40:False:2021-10-13
49:ecmascript-6:69548614:1:1:40:True:2021-10-13
:tag:id:vote:answer:views:accepted:date
0:ecmascript-6:69548145:0:1:18:True:2021-10-12
1:ecmascript-6:69546800:-5:0:33:False:2021-10-12
2:ecmascript-6:69545676:0:1:36:True:2021-10-12
3:ecmascript-6:69544052:1:1:26:True:2021-10-12
4:ecmascript-6:69543572:0:2:38:False:2021-10-12
5:ecmascript-6:69543256:0:1:32:True:2021-10-12
6:ecmascript-6:69541902:0:1:46:False:2021-10-12
7:ecmascript-6:69541047:3:3:121:False:2021-10-12
8:ecmascript-6:69537004:1:1:40:False:2021-10-12
9:ecmascript-6:69535579:0:1:23:False:2021-10-12
10:ecmascript-6:69534157:0:0:15:False:2021-10-12
11:ecmascript-6:69531911:0:2:35:True:2021-10-11
12:ecmascript-6:69531057:0:1:29:True:2021-10-11
13:ecmascript-6:69527971:0:1:21:False:2021-10-11
14:ecmascript-6:69527148:-1:0:27:False:2021-10-11
15:ecmascript-6:69523147:-1:0:26:False:2021-10-11
16:ecmascript-6:69521018:-2:7:51:False:2021-10-11
17:ecmascript-6:69520957:0:2:42:True:2021-10-11
18:ecmascript-6:69517214:0:0:22:False:2021-10-10
19:ecmascript-6:69515543:1:2:38:True:2021-10-10
20:ecmascript-6:69512300:0:4:47:False:2021-10-10
21:ecmascript-6:69507620:0:0:28:False:2021-10-09
22:ecmascript-6:69506908:0:4:51:False:2021-10-09
23:ecmascript-6:69505023:0:0:39:False:2021-10-09
24:ecmascript-6:69504471:0:1:38:False:2021-10-09
25:ecmascript-6:69504262:0:0:37:False:2021-10-09
26:ecmascript-6:69502219:1:1:45:True:2021-10-08
27:ecmascript-6:69498333:0:0:21:False:2021-10-08
28:ecmascript-6:69498212:0:3:48:False:2021-10-08
29:ecmascript-6:69482850:-2:4:68:True:2021-10-07
30:ecmascript-6:69477794:0:0:34:False:2021-10-07
31:ecmascript-6:69477792:0:4:33:True:2021-10-07
32:ecmascript-6:69477788:0:2:43:False:2021-10-07
33:ecmascript-6:69477060:1:4:51:True:2021-10-07
34:ecmascript-6:69472606:0:4:34:True:2021-10-06
35:ecmascript-6:69471604:0:0:9:False:2021-10-06
36:ecmascript-6:69470887:2:3:44:True:2021-10-06
37:ecmascript-6:69468791:1:1:27:False:2021-10-06
38:ecmascript-6:69466994:3:2:37:True:2021-10-06
39:ecmascript-6:69465131:0:2:25:True:2021-10-06
40:ecmascript-6:69460289:0:0:19:False:2021-10-06
41:ecmascript-6:69456957:0:1:21:False:2021-10-05
42:ecmascript-6:69453080:0:3:43:True:2021-10-05
43:ecmascript-6:69453055:-1:0:22:False:2021-10-05
44:ecmascript-6:69449886:1:2:27:True:2021-10-05
45:ecmascript-6:69449410:0:0:13:False:2021-10-05
46:ecmascript-6:69441892:0:0:33:False:2021-10-04
47:ecmascript-6:69437880:1:1:35:False:2021-10-04
48:ecmascript-6:69436628:0:1:41:False:2021-10-04
49:ecmascript-6:69433222:-4:0:54:False:2021-10-04
:tag:id:vote:answer:views:accepted:date
0:ecmascript-6:69432935:0:1:18:True:2021-10-04
1:ecmascript-6:69431518:0:1:45:True:2021-10-04
2:ecmascript-6:69427606:0:1:37:True:2021-10-03
3:ecmascript-6:69425569:0:0:59:False:2021-10-03
4:ecmascript-6:69425297:1:1:40:True:2021-10-03
5:ecmascript-6:69421213:5:4:101:True:2021-10-03
6:ecmascript-6:69416137:0:0:34:False:2021-10-02
7:ecmascript-6:69413992:-1:0:22:False:2021-10-02
8:ecmascript-6:69413625:0:2:37:False:2021-10-02
9:ecmascript-6:69413570:1:1:34:True:2021-10-02
10:ecmascript-6:69410604:0:1:43:True:2021-10-01
11:ecmascript-6:69408857:0:0:18:False:2021-10-01
12:ecmascript-6:69401890:-3:2:47:False:2021-10-01
13:ecmascript-6:69401342:-2:0:23:False:2021-10-01
14:ecmascript-6:69400015:3:2:180:True:2021-10-01
15:ecmascript-6:69396723:0:0:119:False:2021-09-30
16:ecmascript-6:69396589:-1:1:43:False:2021-09-30
17:ecmascript-6:69391079:1:1:21:True:2021-09-30
18:ecmascript-6:69390008:0:0:17:False:2021-09-30
19:ecmascript-6:69384699:1:0:35:False:2021-09-30
20:ecmascript-6:69381243:0:0:24:False:2021-09-29
21:ecmascript-6:69374117:-1:1:51:True:2021-09-29
22:ecmascript-6:69372698:-1:0:26:False:2021-09-29
23:ecmascript-6:69369316:0:3:46:False:2021-09-28
24:ecmascript-6:69369142:1:0:26:False:2021-09-28
25:ecmascript-6:69366513:0:1:23:True:2021-09-28
26:ecmascript-6:69363201:0:2:60:True:2021-09-28
27:ecmascript-6:69360704:1:3:51:True:2021-09-28
28:ecmascript-6:69356755:1:1:47:False:2021-09-28
29:ecmascript-6:69354977:0:2:60:False:2021-09-28
30:ecmascript-6:69354817:1:0:29:False:2021-09-28
31:ecmascript-6:69352657:0:0:26:False:2021-09-27
32:ecmascript-6:69337570:0:1:31:False:2021-09-26
33:ecmascript-6:69336023:1:2:81:False:2021-09-26
34:ecmascript-6:69333577:0:5:41:False:2021-09-26
35:ecmascript-6:69331420:0:0:62:False:2021-09-26
36:ecmascript-6:69330626:0:1:37:False:2021-09-25
37:ecmascript-6:69323895:1:1:59:True:2021-09-25
38:ecmascript-6:69321649:0:1:40:True:2021-09-24
39:ecmascript-6:69321505:-3:3:57:False:2021-09-24
40:ecmascript-6:69320706:0:2:66:True:2021-09-24
41:ecmascript-6:69319599:1:1:44:True:2021-09-24
42:ecmascript-6:69316024:-2:2:57:False:2021-09-24
43:ecmascript-6:69313473:0:1:28:True:2021-09-24
44:ecmascript-6:69308284:0:1:35:True:2021-09-24
45:ecmascript-6:69300242:-1:1:17:False:2021-09-23
46:ecmascript-6:69299310:0:0:13:False:2021-09-23
47:ecmascript-6:69296230:0:1:63:True:2021-09-23
48:ecmascript-6:69294261:1:1:42:True:2021-09-23
49:ecmascript-6:69294248:-2:4:52:False:2021-09-23
:tag:id:vote:answer:views:accepted:date
0:ecmascript-6:69293183:0:2:44:False:2021-09-23
1:ecmascript-6:69293150:1:1:40:False:2021-09-23
2:ecmascript-6:69288356:0:0:16:False:2021-09-22
3:ecmascript-6:69288069:0:0:43:False:2021-09-22
4:ecmascript-6:69283710:2:2:46:True:2021-09-22
5:ecmascript-6:69283225:1:0:32:False:2021-09-22
6:ecmascript-6:69282093:0:1:36:False:2021-09-22
7:ecmascript-6:69279468:0:4:62:False:2021-09-22
8:ecmascript-6:69276021:1:1:101:True:2021-09-21
9:ecmascript-6:69273686:-1:1:32:True:2021-09-21
10:ecmascript-6:69271758:0:0:19:False:2021-09-21
11:ecmascript-6:69271587:0:1:17:False:2021-09-21
12:ecmascript-6:69270921:0:2:49:True:2021-09-21
13:ecmascript-6:69270887:1:1:38:True:2021-09-21
14:ecmascript-6:69268767:0:1:29:False:2021-09-21
15:ecmascript-6:69267821:0:1:49:False:2021-09-21
16:ecmascript-6:69264551:2:2:37:True:2021-09-21
17:ecmascript-6:69264191:1:0:23:False:2021-09-21
18:ecmascript-6:69262343:-2:0:7:False:2021-09-21
19:ecmascript-6:69261729:-1:1:33:True:2021-09-20
20:ecmascript-6:69256769:0:1:25:False:2021-09-20
21:ecmascript-6:69252047:1:1:57:False:2021-09-20
22:ecmascript-6:69251715:0:0:32:False:2021-09-20
23:ecmascript-6:69250338:2:1:154:False:2021-09-20
24:ecmascript-6:69241376:0:2:55:False:2021-09-19
25:ecmascript-6:69239873:1:4:37:True:2021-09-19
26:ecmascript-6:69234993:-4:2:46:False:2021-09-18
27:ecmascript-6:69230676:1:1:49:True:2021-09-18
28:ecmascript-6:69230637:1:1:21:True:2021-09-18
29:ecmascript-6:69225324:-1:5:52:False:2021-09-17
30:ecmascript-6:69220083:0:0:41:False:2021-09-17
31:ecmascript-6:69219665:2:1:58:True:2021-09-17
32:ecmascript-6:69218952:1:1:82:False:2021-09-17
33:ecmascript-6:69215976:0:0:12:False:2021-09-16
34:ecmascript-6:69212589:-1:0:30:False:2021-09-16
35:ecmascript-6:69206058:-3:1:33:False:2021-09-16
36:ecmascript-6:69203388:1:2:26:True:2021-09-16
37:ecmascript-6:69201548:1:1:63:True:2021-09-16
38:ecmascript-6:69199736:0:1:38:False:2021-09-15
39:ecmascript-6:69198484:1:1:27:True:2021-09-15
40:ecmascript-6:69195917:1:3:51:True:2021-09-15
41:ecmascript-6:69195659:0:1:30:True:2021-09-15
42:ecmascript-6:69194706:0:1:32:True:2021-09-15
43:ecmascript-6:69194181:-1:1:29:False:2021-09-15
44:ecmascript-6:69188108:0:0:30:False:2021-09-15
45:ecmascript-6:69186572:0:1:28:False:2021-09-15
46:ecmascript-6:69184733:0:0:27:False:2021-09-14
47:ecmascript-6:69183628:0:1:12:False:2021-09-14
48:ecmascript-6:69182958:-2:1:25:False:2021-09-14
49:ecmascript-6:69179094:-1:2:50:True:2021-09-14
:tag:id:vote:answer:views:accepted:date
0:ecmascript-6:69175139:0:3:55:False:2021-09-14
1:ecmascript-6:69172919:-2:1:42:False:2021-09-14
2:ecmascript-6:69171895:0:1:67:True:2021-09-14
3:ecmascript-6:69171860:2:3:73:True:2021-09-14
4:ecmascript-6:69170079:2:2:49:True:2021-09-13
5:ecmascript-6:69169283:1:1:54:True:2021-09-13
6:ecmascript-6:69169169:0:1:34:True:2021-09-13
7:ecmascript-6:69166030:0:2:38:False:2021-09-13
8:ecmascript-6:69164759:0:3:90:True:2021-09-13
9:ecmascript-6:69162734:1:0:42:False:2021-09-13
10:ecmascript-6:69159425:1:1:27:False:2021-09-13
11:ecmascript-6:69156967:0:1:22:True:2021-09-13
12:ecmascript-6:69151654:0:0:29:False:2021-09-12
13:ecmascript-6:69149397:0:3:46:False:2021-09-12
14:ecmascript-6:69145340:0:0:22:False:2021-09-11
15:ecmascript-6:69142369:0:1:39:True:2021-09-11
16:ecmascript-6:69141634:0:2:36:True:2021-09-11
17:ecmascript-6:69141459:0:1:36:True:2021-09-11
18:ecmascript-6:69140578:1:1:45:False:2021-09-11
19:ecmascript-6:69139107:-2:1:34:True:2021-09-11
20:ecmascript-6:69136760:2:1:79:True:2021-09-10
21:ecmascript-6:69136227:-1:1:43:True:2021-09-10
22:ecmascript-6:69133905:0:2:36:False:2021-09-10
23:ecmascript-6:69132198:2:0:26:False:2021-09-10
24:ecmascript-6:69131701:0:2:52:False:2021-09-10
25:ecmascript-6:69130287:1:2:41:True:2021-09-10
26:ecmascript-6:69125457:-5:1:31:True:2021-09-09
27:ecmascript-6:69124260:0:1:43:True:2021-09-09
28:ecmascript-6:69123826:-1:2:38:False:2021-09-09
29:ecmascript-6:69118313:0:3:83:True:2021-09-09
30:ecmascript-6:69116996:0:2:39:True:2021-09-09
31:ecmascript-6:69116151:1:0:43:False:2021-09-09
32:ecmascript-6:69114322:0:1:38:True:2021-09-09
33:ecmascript-6:69114259:0:0:29:False:2021-09-09
34:ecmascript-6:69110935:0:1:31:False:2021-09-09
35:ecmascript-6:69107495:-1:1:20:True:2021-09-08
36:ecmascript-6:69105317:2:1:44:True:2021-09-08
37:ecmascript-6:69105170:1:3:62:True:2021-09-08
38:ecmascript-6:69104343:0:4:68:True:2021-09-08
39:ecmascript-6:69104328:0:1:27:False:2021-09-08
40:ecmascript-6:69102254:4:2:4000:False:2021-09-08
41:ecmascript-6:69101683:-2:1:45:False:2021-09-08
42:ecmascript-6:69101567:0:1:22:True:2021-09-08
43:ecmascript-6:69101388:0:4:50:False:2021-09-08
44:ecmascript-6:69096436:1:2:41:False:2021-09-08
45:ecmascript-6:69093622:0:1:31:False:2021-09-07
46:ecmascript-6:69090635:0:2:42:False:2021-09-07
47:ecmascript-6:69086356:-2:3:36:False:2021-09-07
48:ecmascript-6:69086329:0:3:28:True:2021-09-07
49:ecmascript-6:69085677:-3:2:43:False:2021-09-07
:tag:id:vote:answer:views:accepted:date
0:ecmascript-6:69084606:-1:2:40:True:2021-09-07
1:ecmascript-6:69082362:1:1:23:True:2021-09-07
2:ecmascript-6:69080665:0:2:33:True:2021-09-06
3:ecmascript-6:69078829:0:3:50:False:2021-09-06
4:ecmascript-6:69069596:1:2:52:True:2021-09-06
5:ecmascript-6:69069210:0:1:68:False:2021-09-06
6:ecmascript-6:69069032:0:2:30:True:2021-09-06
7:ecmascript-6:69068336:1:4:65:True:2021-09-06
8:ecmascript-6:69064650:0:0:16:False:2021-09-05
9:ecmascript-6:69058468:1:0:25:False:2021-09-04
10:ecmascript-6:69057499:1:1:39:True:2021-09-04
11:ecmascript-6:69055635:0:0:36:False:2021-09-04
12:ecmascript-6:69050766:0:1:37:True:2021-09-03
13:ecmascript-6:69048000:0:1:75:True:2021-09-03
14:ecmascript-6:69047767:0:1:23:True:2021-09-03
15:ecmascript-6:69046536:0:1:31:True:2021-09-03
16:ecmascript-6:69045446:1:1:40:True:2021-09-03
17:ecmascript-6:69039597:1:2:56:True:2021-09-03
18:ecmascript-6:69038420:0:0:39:False:2021-09-03
19:ecmascript-6:69036264:2:1:47:True:2021-09-02
20:ecmascript-6:69031361:0:1:34:True:2021-09-02
21:ecmascript-6:69031058:0:3:38:False:2021-09-02
22:ecmascript-6:69030237:0:3:58:False:2021-09-02
23:ecmascript-6:69030005:0:2:84:True:2021-09-02
24:ecmascript-6:69025508:0:1:33:True:2021-09-02
25:ecmascript-6:69020883:-1:1:18:True:2021-09-01
26:ecmascript-6:69019907:1:1:40:False:2021-09-01
27:ecmascript-6:69018947:0:0:23:False:2021-09-01
28:ecmascript-6:69018925:0:0:9:False:2021-09-01
29:ecmascript-6:69017794:0:0:32:False:2021-09-01
30:ecmascript-6:69017793:0:1:25:False:2021-09-01
31:ecmascript-6:69016307:0:0:23:False:2021-09-01
32:ecmascript-6:69012578:0:1:15:False:2021-09-01
33:ecmascript-6:69010598:0:2:41:True:2021-09-01
34:ecmascript-6:69006368:0:1:36:True:2021-08-31
35:ecmascript-6:69001591:0:0:15:False:2021-08-31
36:ecmascript-6:68997174:2:0:38:False:2021-08-31
37:ecmascript-6:68991028:-1:1:35:True:2021-08-30
38:ecmascript-6:68985502:0:2:31:False:2021-08-30
39:ecmascript-6:68985334:0:0:34:False:2021-08-30
40:ecmascript-6:68984336:0:1:191:True:2021-08-30
41:ecmascript-6:68982593:0:0:22:False:2021-08-30
42:ecmascript-6:68981671:1:2:43:True:2021-08-30
43:ecmascript-6:68966143:0:1:40:False:2021-08-28
44:ecmascript-6:68965390:0:1:27:True:2021-08-28
45:ecmascript-6:68963117:0:2:28:False:2021-08-28
46:ecmascript-6:68962785:0:1:51:True:2021-08-28
47:ecmascript-6:68959813:-1:1:50:True:2021-08-27
48:ecmascript-6:68957132:3:5:97:True:2021-08-27
49:ecmascript-6:68954078:0:0:24:False:2021-08-27
:tag:id:vote:answer:views:accepted:date
0:ecmascript-6:68953642:-1:2:47:True:2021-08-27
1:ecmascript-6:68945013:-1:2:41:False:2021-08-26
2:ecmascript-6:68941869:0:0:20:False:2021-08-26
3:ecmascript-6:68935346:1:1:41:True:2021-08-26
4:ecmascript-6:68935108:0:1:42:True:2021-08-26
5:ecmascript-6:68934612:0:1:57:False:2021-08-26
6:ecmascript-6:68932621:1:1:53:True:2021-08-26
7:ecmascript-6:68929792:0:0:18:False:2021-08-25
8:ecmascript-6:68929678:1:1:40:True:2021-08-25
9:ecmascript-6:68926500:1:1:28:True:2021-08-25
10:ecmascript-6:68925208:0:1:40:True:2021-08-25
11:ecmascript-6:68922796:0:1:70:True:2021-08-25
12:ecmascript-6:68922461:0:2:30:True:2021-08-25
13:ecmascript-6:68921061:0:0:38:False:2021-08-25
14:ecmascript-6:68919322:0:0:27:False:2021-08-25
15:ecmascript-6:68914614:0:3:41:True:2021-08-24
16:ecmascript-6:68914597:0:1:462:False:2021-08-24
17:ecmascript-6:68913326:1:3:33:True:2021-08-24
18:ecmascript-6:68909423:0:0:8:False:2021-08-24
19:ecmascript-6:68908651:0:3:46:True:2021-08-24
20:ecmascript-6:68903350:-2:1:37:False:2021-08-24
21:ecmascript-6:68903095:0:1:42:True:2021-08-24
22:ecmascript-6:68903061:0:1:27:False:2021-08-24
23:ecmascript-6:68902859:0:2:72:False:2021-08-24
24:ecmascript-6:68900695:1:0:53:False:2021-08-24
25:ecmascript-6:68896414:0:0:19:False:2021-08-23
26:ecmascript-6:68892722:0:1:38:True:2021-08-23
27:ecmascript-6:68890870:0:2:274:True:2021-08-23
28:ecmascript-6:68889727:0:1:26:False:2021-08-23
29:ecmascript-6:68888621:1:1:36:True:2021-08-23
30:ecmascript-6:68888412:0:0:41:False:2021-08-23
31:ecmascript-6:68888047:1:3:48:False:2021-08-23
32:ecmascript-6:68887408:2:6:85:True:2021-08-23
33:ecmascript-6:68884578:-1:1:41:True:2021-08-22
34:ecmascript-6:68884379:0:0:76:False:2021-08-22
35:ecmascript-6:68884186:0:2:42:True:2021-08-22
36:ecmascript-6:68883919:0:1:27:False:2021-08-22
37:ecmascript-6:68882721:0:0:30:False:2021-08-22
38:ecmascript-6:68880072:0:1:20:True:2021-08-22
39:ecmascript-6:68879283:0:2:24:False:2021-08-22
40:ecmascript-6:68876392:-1:1:47:False:2021-08-21
41:ecmascript-6:68870596:-1:2:49:True:2021-08-21
42:ecmascript-6:68869339:3:1:49:True:2021-08-21
43:ecmascript-6:68864744:-1:1:33:False:2021-08-20
44:ecmascript-6:68864685:0:0:10:False:2021-08-20
45:ecmascript-6:68864194:0:0:30:False:2021-08-20
46:ecmascript-6:68863529:1:2:43:False:2021-08-20
47:ecmascript-6:68862702:1:1:36:False:2021-08-20
48:ecmascript-6:68861413:-2:2:48:True:2021-08-20
49:ecmascript-6:68859064:0:1:51:True:2021-08-20
:tag:id:vote:answer:views:accepted:date
0:ecmascript-6:68857049:0:1:61:True:2021-08-20
1:ecmascript-6:68854660:-1:5:45:True:2021-08-19
2:ecmascript-6:68851403:0:0:22:False:2021-08-19
3:ecmascript-6:68850642:-1:3:69:True:2021-08-19
4:ecmascript-6:68850272:-2:2:41:True:2021-08-19
5:ecmascript-6:68849161:0:0:24:False:2021-08-19
6:ecmascript-6:68849157:0:0:36:False:2021-08-19
7:ecmascript-6:68848870:0:1:15:False:2021-08-19
8:ecmascript-6:68839178:0:2:62:True:2021-08-18
9:ecmascript-6:68839009:0:1:41:True:2021-08-18
10:ecmascript-6:68837178:1:2:83:False:2021-08-18
11:ecmascript-6:68835926:0:0:75:False:2021-08-18
12:ecmascript-6:68835643:0:3:33:True:2021-08-18
13:ecmascript-6:68829877:1:0:48:False:2021-08-18
14:ecmascript-6:68825761:0:1:49:True:2021-08-18
15:ecmascript-6:68823208:0:2:64:False:2021-08-17
16:ecmascript-6:68822474:0:1:31:False:2021-08-17
17:ecmascript-6:68822293:0:4:43:False:2021-08-17
18:ecmascript-6:68817208:0:1:24:True:2021-08-17
19:ecmascript-6:68816660:0:4:70:False:2021-08-17
20:ecmascript-6:68811718:0:1:157:False:2021-08-17
21:ecmascript-6:68802375:1:1:35:True:2021-08-16
22:ecmascript-6:68798096:-1:2:41:False:2021-08-16
23:ecmascript-6:68797807:0:2:41:False:2021-08-16
24:ecmascript-6:68795843:1:2:106:False:2021-08-15
25:ecmascript-6:68792835:0:1:35:True:2021-08-15
26:ecmascript-6:68792646:0:2:34:False:2021-08-15
27:ecmascript-6:68791055:0:1:43:True:2021-08-15
28:ecmascript-6:68785341:0:2:106:False:2021-08-14
29:ecmascript-6:68779137:1:1:21:True:2021-08-13
30:ecmascript-6:68774749:0:0:26:False:2021-08-13
31:ecmascript-6:68772196:0:1:35:False:2021-08-13
32:ecmascript-6:68770309:1:0:25:False:2021-08-13
33:ecmascript-6:68767991:0:1:20:True:2021-08-13
34:ecmascript-6:68766723:0:1:53:True:2021-08-13
35:ecmascript-6:68764717:1:0:45:False:2021-08-12
36:ecmascript-6:68763006:0:1:54:True:2021-08-12
37:ecmascript-6:68762333:-2:1:33:False:2021-08-12
38:ecmascript-6:68750588:0:2:28:True:2021-08-12
39:ecmascript-6:68749799:0:1:15:False:2021-08-11
40:ecmascript-6:68747253:0:0:24:False:2021-08-11
41:ecmascript-6:68746474:-3:1:42:False:2021-08-11
42:ecmascript-6:68746181:0:1:72:True:2021-08-11
43:ecmascript-6:68740992:1:0:17:False:2021-08-11
44:ecmascript-6:68736840:0:3:46:False:2021-08-11
45:ecmascript-6:68736143:0:3:36:True:2021-08-11
46:ecmascript-6:68734987:0:1:25:True:2021-08-11
47:ecmascript-6:68732663:0:2:36:True:2021-08-10
48:ecmascript-6:68731237:0:1:23:True:2021-08-10
49:ecmascript-6:68729089:0:3:37:True:2021-08-10
:tag:id:vote:answer:views:accepted:date
0:ecmascript-6:68729000:-1:2:49:True:2021-08-10
1:ecmascript-6:68726536:-2:1:77:True:2021-08-10
2:ecmascript-6:68726314:0:1:41:False:2021-08-10
3:ecmascript-6:68725995:1:0:26:False:2021-08-10
4:ecmascript-6:68724550:3:2:74:True:2021-08-10
5:ecmascript-6:68723417:0:2:64:False:2021-08-10
6:ecmascript-6:68719689:0:0:29:False:2021-08-09
7:ecmascript-6:68717006:-1:2:62:True:2021-08-09
8:ecmascript-6:68710985:1:3:53:False:2021-08-09
9:ecmascript-6:68710257:1:2:45:True:2021-08-09
10:ecmascript-6:68702176:-1:3:37:True:2021-08-08
11:ecmascript-6:68695002:1:2:30:True:2021-08-07
12:ecmascript-6:68686680:2:2:55:True:2021-08-06
13:ecmascript-6:68686231:0:2:52:True:2021-08-06
14:ecmascript-6:68684163:0:1:65:True:2021-08-06
15:ecmascript-6:68683433:0:1:55:True:2021-08-06
16:ecmascript-6:68678486:0:0:15:False:2021-08-06
17:ecmascript-6:68674817:0:1:54:True:2021-08-06
18:ecmascript-6:68673808:0:1:34:True:2021-08-05
19:ecmascript-6:68672332:1:2:46:True:2021-08-05
20:ecmascript-6:68670992:-1:3:57:True:2021-08-05
21:ecmascript-6:68670826:0:1:19:False:2021-08-05
22:ecmascript-6:68665816:0:1:44:True:2021-08-05
23:ecmascript-6:68665655:0:1:37:True:2021-08-05
24:ecmascript-6:68665317:0:2:33:True:2021-08-05
25:ecmascript-6:68662203:0:2:177:True:2021-08-05
26:ecmascript-6:68660600:0:0:44:False:2021-08-05
27:ecmascript-6:68660590:0:1:57:True:2021-08-05
28:ecmascript-6:68656937:0:0:39:False:2021-08-04
29:ecmascript-6:68646114:0:3:39:True:2021-08-04
30:ecmascript-6:68643751:-2:2:46:True:2021-08-03
31:ecmascript-6:68641186:1:1:42:True:2021-08-03
32:ecmascript-6:68635267:0:1:28:True:2021-08-03
33:ecmascript-6:68632045:0:0:33:False:2021-08-03
34:ecmascript-6:68631696:3:2:124:True:2021-08-03
35:ecmascript-6:68629095:0:1:35:False:2021-08-03
36:ecmascript-6:68627411:0:2:20:False:2021-08-02
37:ecmascript-6:68626257:-2:2:43:True:2021-08-02
38:ecmascript-6:68622910:1:3:45:True:2021-08-02
39:ecmascript-6:68622865:-2:3:78:True:2021-08-02
40:ecmascript-6:68620206:-2:1:36:False:2021-08-02
41:ecmascript-6:68614031:0:1:12:False:2021-08-01
42:ecmascript-6:68609851:0:3:63:True:2021-08-01
43:ecmascript-6:68609607:-1:3:55:True:2021-08-01
44:ecmascript-6:68609041:0:1:29:True:2021-08-01
45:ecmascript-6:68608011:-1:2:51:True:2021-08-01
46:ecmascript-6:68601962:0:2:147:True:2021-07-31
47:ecmascript-6:68597690:0:1:28:False:2021-07-30
48:ecmascript-6:68596907:0:0:41:False:2021-07-30
49:ecmascript-6:68595638:0:1:34:True:2021-07-30
:tag:id:vote:answer:views:accepted:date
0:ecmascript-6:68593042:0:0:16:False:2021-07-30
1:ecmascript-6:68590806:0:1:45:True:2021-07-30
2:ecmascript-6:68589575:0:1:40:False:2021-07-30
3:ecmascript-6:68588502:0:8:74:True:2021-07-30
4:ecmascript-6:68586690:0:2:50:True:2021-07-30
5:ecmascript-6:68584890:0:0:27:False:2021-07-30
6:ecmascript-6:68583455:2:1:40:True:2021-07-29
7:ecmascript-6:68580392:1:4:48:True:2021-07-29
8:ecmascript-6:68580363:0:1:31:True:2021-07-29
9:ecmascript-6:68579944:0:0:35:False:2021-07-29
10:ecmascript-6:68575482:0:3:30:True:2021-07-29
11:ecmascript-6:68571907:1:0:526:False:2021-07-29
12:ecmascript-6:68570667:1:3:65:True:2021-07-29
13:ecmascript-6:68568702:0:1:60:True:2021-07-29
14:ecmascript-6:68564882:0:2:103:True:2021-07-28
15:ecmascript-6:68563739:-1:1:34:True:2021-07-28
16:ecmascript-6:68563123:0:1:23:False:2021-07-28
17:ecmascript-6:68560709:0:2:26:True:2021-07-28
18:ecmascript-6:68560498:0:1:38:True:2021-07-28
19:ecmascript-6:68559911:-3:1:50:False:2021-07-28
20:ecmascript-6:68558738:0:1:46:True:2021-07-28
21:ecmascript-6:68557074:0:0:31:False:2021-07-28
22:ecmascript-6:68553794:0:1:40:True:2021-07-28
23:ecmascript-6:68550770:0:1:59:False:2021-07-27
24:ecmascript-6:68550188:0:0:11:False:2021-07-27
25:ecmascript-6:68547906:0:1:29:True:2021-07-27
26:ecmascript-6:68546632:1:1:44:False:2021-07-27
27:ecmascript-6:68544404:1:3:56:True:2021-07-27
28:ecmascript-6:68541412:1:1:580:False:2021-07-27
29:ecmascript-6:68541044:-1:2:89:True:2021-07-27
30:ecmascript-6:68538200:0:0:24:False:2021-07-27
31:ecmascript-6:68537656:0:1:89:True:2021-07-27
32:ecmascript-6:68537481:0:0:36:False:2021-07-26
33:ecmascript-6:68537079:0:0:48:False:2021-07-26
34:ecmascript-6:68536770:0:2:27:True:2021-07-26
35:ecmascript-6:68535957:0:0:22:False:2021-07-26
36:ecmascript-6:68535883:-1:3:60:True:2021-07-26
37:ecmascript-6:68533975:0:1:50:False:2021-07-26
38:ecmascript-6:68533681:1:3:47:False:2021-07-26
39:ecmascript-6:68531619:0:1:41:True:2021-07-26
40:ecmascript-6:68522680:0:0:27:False:2021-07-25
41:ecmascript-6:68517436:1:1:44:True:2021-07-25
42:ecmascript-6:68516172:0:2:37:False:2021-07-25
43:ecmascript-6:68512893:0:5:53:True:2021-07-24
44:ecmascript-6:68512841:0:1:19:False:2021-07-24
45:ecmascript-6:68512486:3:2:114:True:2021-07-24
46:ecmascript-6:68509930:0:2:63:True:2021-07-24
47:ecmascript-6:68508880:-6:3:45:True:2021-07-24
48:ecmascript-6:68504609:0:2:43:True:2021-07-23
49:ecmascript-6:68504186:1:3:50:True:2021-07-23
:tag:id:vote:answer:views:accepted:date
0:ecmascript-6:68503231:0:2:92:False:2021-07-23
1:ecmascript-6:68496687:1:2:53:False:2021-07-23
2:ecmascript-6:68494482:0:1:38:True:2021-07-23
3:ecmascript-6:68493523:0:0:17:False:2021-07-23
4:ecmascript-6:68485385:0:1:70:True:2021-07-22
5:ecmascript-6:68481513:0:0:34:False:2021-07-22
6:ecmascript-6:68481066:0:0:24:False:2021-07-22
7:ecmascript-6:68479382:-3:1:48:True:2021-07-22
8:ecmascript-6:68478867:1:3:33:True:2021-07-22
9:ecmascript-6:68478855:0:2:68:False:2021-07-22
10:ecmascript-6:68461428:0:1:22:True:2021-07-20
11:ecmascript-6:68461171:0:0:18:False:2021-07-20
12:ecmascript-6:68460164:-2:1:48:True:2021-07-20
13:ecmascript-6:68455841:0:1:51:True:2021-07-20
14:ecmascript-6:68455452:0:1:129:False:2021-07-20
15:ecmascript-6:68454629:0:1:40:True:2021-07-20
16:ecmascript-6:68453966:-1:1:30:True:2021-07-20
17:ecmascript-6:68452107:1:2:39:True:2021-07-20
18:ecmascript-6:68451916:0:1:49:True:2021-07-20
19:ecmascript-6:68449497:4:1:75:True:2021-07-20
20:ecmascript-6:68449098:3:1:42:True:2021-07-20
21:ecmascript-6:68448027:0:1:25:False:2021-07-19
22:ecmascript-6:68446511:0:1:34:True:2021-07-19
23:ecmascript-6:68446092:1:4:69:True:2021-07-19
24:ecmascript-6:68445848:0:2:32:True:2021-07-19
25:ecmascript-6:68442373:-1:1:32:True:2021-07-19
26:ecmascript-6:68441263:-1:1:48:True:2021-07-19
27:ecmascript-6:68434984:1:1:30:True:2021-07-19
28:ecmascript-6:68430364:0:2:37:True:2021-07-18
29:ecmascript-6:68411906:1:3:73:True:2021-07-16
30:ecmascript-6:68411128:0:1:39:False:2021-07-16
31:ecmascript-6:68410390:0:0:57:False:2021-07-16
32:ecmascript-6:68409023:0:1:109:False:2021-07-16
33:ecmascript-6:68408715:1:1:50:False:2021-07-16
34:ecmascript-6:68404262:2:2:41:True:2021-07-16
35:ecmascript-6:68403975:1:0:37:False:2021-07-16
36:ecmascript-6:68396019:-1:1:40:True:2021-07-15
37:ecmascript-6:68395318:2:1:39:True:2021-07-15
38:ecmascript-6:68395308:0:1:20:False:2021-07-15
39:ecmascript-6:68386862:0:1:94:False:2021-07-15
40:ecmascript-6:68382427:0:1:63:False:2021-07-14
41:ecmascript-6:68380714:1:2:58:True:2021-07-14
42:ecmascript-6:68379617:0:2:69:False:2021-07-14
43:ecmascript-6:68374117:0:1:39:True:2021-07-14
44:ecmascript-6:68372104:0:1:38:False:2021-07-14
45:ecmascript-6:68367027:0:1:26:True:2021-07-13
46:ecmascript-6:68366166:0:1:43:False:2021-07-13
47:ecmascript-6:68365682:-1:1:33:True:2021-07-13
48:ecmascript-6:68362433:1:1:132:False:2021-07-13
49:ecmascript-6:68359295:0:1:146:True:2021-07-13
:tag:id:vote:answer:views:accepted:date
0:ecmascript-6:68358205:1:1:20:True:2021-07-13
1:ecmascript-6:68355103:0:3:78:True:2021-07-13
2:ecmascript-6:68353558:1:2:29:True:2021-07-12
3:ecmascript-6:68347393:0:0:40:False:2021-07-12
4:ecmascript-6:68346716:-1:1:46:True:2021-07-12
5:ecmascript-6:68342753:2:1:48:True:2021-07-12
6:ecmascript-6:68341428:-2:3:54:True:2021-07-12
7:ecmascript-6:68338945:0:4:62:False:2021-07-11
8:ecmascript-6:68334868:-1:3:57:True:2021-07-11
9:ecmascript-6:68332477:1:0:45:False:2021-07-11
10:ecmascript-6:68330783:0:1:42:False:2021-07-10
11:ecmascript-6:68321534:0:1:94:False:2021-07-09
12:ecmascript-6:68321013:0:5:71:True:2021-07-09
13:ecmascript-6:68313647:1:1:296:False:2021-07-09
14:ecmascript-6:68310388:0:2:55:True:2021-07-09
15:ecmascript-6:68308215:0:0:31:False:2021-07-08
16:ecmascript-6:68304602:0:0:20:False:2021-07-08
17:ecmascript-6:68303933:2:1:77:True:2021-07-08
18:ecmascript-6:68303174:0:2:134:True:2021-07-08
19:ecmascript-6:68300984:-2:2:51:True:2021-07-08
20:ecmascript-6:68298411:2:2:57:True:2021-07-08
21:ecmascript-6:68294138:0:0:17:False:2021-07-08
22:ecmascript-6:68293804:0:1:33:True:2021-07-07
23:ecmascript-6:68290742:0:1:22:False:2021-07-07
24:ecmascript-6:68285980:0:1:63:True:2021-07-07
25:ecmascript-6:68285979:0:2:61:True:2021-07-07
26:ecmascript-6:68284151:0:0:46:False:2021-07-07
27:ecmascript-6:68282803:-2:3:70:True:2021-07-07
28:ecmascript-6:68278425:-8:2:83:False:2021-07-06
29:ecmascript-6:68278059:0:3:88:False:2021-07-06
30:ecmascript-6:68278057:1:0:56:False:2021-07-06
31:ecmascript-6:68276202:1:0:24:False:2021-07-06
32:ecmascript-6:68275417:0:4:66:True:2021-07-06
33:ecmascript-6:68272538:-1:1:64:False:2021-07-06
34:ecmascript-6:68266810:0:1:31:False:2021-07-06
35:ecmascript-6:68262515:0:1:23:True:2021-07-05
36:ecmascript-6:68257464:0:1:75:False:2021-07-05
37:ecmascript-6:68253772:0:0:22:False:2021-07-05
38:ecmascript-6:68252495:-1:2:54:True:2021-07-05
39:ecmascript-6:68252239:2:2:120:True:2021-07-05
40:ecmascript-6:68250327:0:1:32:False:2021-07-05
41:ecmascript-6:68246791:1:1:24:False:2021-07-04
42:ecmascript-6:68244049:1:3:41:True:2021-07-04
43:ecmascript-6:68242916:3:1:53:True:2021-07-04
44:ecmascript-6:68241214:0:1:31:True:2021-07-04
45:ecmascript-6:68229847:0:0:13:False:2021-07-02
46:ecmascript-6:68229547:-2:5:66:True:2021-07-02
47:ecmascript-6:68228338:1:1:46:False:2021-07-02
48:ecmascript-6:68227974:0:0:28:False:2021-07-02
49:ecmascript-6:68225799:-2:4:67:True:2021-07-02
:tag:id:vote:answer:views:accepted:date
0:ecmascript-6:68224176:0:1:27:True:2021-07-02
1:ecmascript-6:68223815:1:2:335:True:2021-07-02
2:ecmascript-6:68222726:0:2:45:False:2021-07-02
3:ecmascript-6:68221866:0:1:29:False:2021-07-02
4:ecmascript-6:68221129:0:1:37:True:2021-07-02
5:ecmascript-6:68218405:0:2:57:True:2021-07-02
6:ecmascript-6:68217577:2:1:18:True:2021-07-01
7:ecmascript-6:68213879:0:5:65:True:2021-07-01
8:ecmascript-6:68212889:0:2:26:True:2021-07-01
9:ecmascript-6:68210410:2:1:43:True:2021-07-01
10:ecmascript-6:68207106:0:0:54:False:2021-07-01
11:ecmascript-6:68206206:-2:3:198:True:2021-07-01
12:ecmascript-6:68202541:18:5:489:False:2021-06-30
13:ecmascript-6:68202281:0:1:41:True:2021-06-30
14:ecmascript-6:68198952:0:1:121:False:2021-06-30
15:ecmascript-6:68196237:1:1:54:True:2021-06-30
16:ecmascript-6:68194911:-4:1:50:False:2021-06-30
17:ecmascript-6:68193712:0:0:17:False:2021-06-30
18:ecmascript-6:68192468:0:2:22:False:2021-06-30
19:ecmascript-6:68188324:1:1:33:False:2021-06-30
20:ecmascript-6:68186656:0:0:43:False:2021-06-29
21:ecmascript-6:68181677:0:1:27:True:2021-06-29
22:ecmascript-6:68179432:0:0:20:False:2021-06-29
23:ecmascript-6:68177972:0:1:53:True:2021-06-29
24:ecmascript-6:68175713:-1:4:68:True:2021-06-29
25:ecmascript-6:68174411:1:2:39:True:2021-06-29
26:ecmascript-6:68174382:0:3:66:False:2021-06-29
27:ecmascript-6:68162873:0:2:147:True:2021-06-28
28:ecmascript-6:68160473:0:1:71:False:2021-06-28
29:ecmascript-6:68155353:0:0:24:False:2021-06-27
30:ecmascript-6:68151151:1:2:35:True:2021-06-27
31:ecmascript-6:68149316:0:7:62:True:2021-06-27
32:ecmascript-6:68148780:1:1:30:True:2021-06-27
33:ecmascript-6:68148031:0:0:32:False:2021-06-27
34:ecmascript-6:68145332:0:1:73:False:2021-06-26
35:ecmascript-6:68145119:-1:3:54:True:2021-06-26
36:ecmascript-6:68141513:2:2:86:True:2021-06-26
37:ecmascript-6:68138977:0:3:51:True:2021-06-26
38:ecmascript-6:68138532:0:1:84:True:2021-06-26
39:ecmascript-6:68135317:0:1:27:True:2021-06-25
40:ecmascript-6:68134778:0:1:33:True:2021-06-25
41:ecmascript-6:68134146:0:1:57:True:2021-06-25
42:ecmascript-6:68133038:0:0:16:False:2021-06-25
43:ecmascript-6:68126445:0:3:83:True:2021-06-25
44:ecmascript-6:68126130:0:1:29:False:2021-06-25
45:ecmascript-6:68125592:0:0:18:False:2021-06-25
46:ecmascript-6:68124436:0:3:36:True:2021-06-25
47:ecmascript-6:68122531:0:1:67:False:2021-06-24
48:ecmascript-6:68120896:1:3:61:True:2021-06-24
49:ecmascript-6:68119863:0:3:65:False:2021-06-24
:tag:id:vote:answer:views:accepted:date
0:ecmascript-6:68116158:0:1:103:True:2021-06-24
1:ecmascript-6:68115776:-2:1:44:False:2021-06-24
2:ecmascript-6:68113897:1:1:37:True:2021-06-24
3:ecmascript-6:68110415:0:1:65:False:2021-06-24
4:ecmascript-6:68109659:0:0:9:False:2021-06-24
5:ecmascript-6:68105890:1:1:104:True:2021-06-23
6:ecmascript-6:68101642:0:0:19:False:2021-06-23
7:ecmascript-6:68096642:0:3:42:True:2021-06-23
8:ecmascript-6:68095660:0:1:54:False:2021-06-23
9:ecmascript-6:68095473:1:1:35:True:2021-06-23
10:ecmascript-6:68094164:0:2:49:True:2021-06-23
11:ecmascript-6:68093922:-1:3:31:False:2021-06-23
12:ecmascript-6:68084911:1:1:33:True:2021-06-22
13:ecmascript-6:68084080:0:0:30:False:2021-06-22
14:ecmascript-6:68083791:1:2:240:False:2021-06-22
15:ecmascript-6:68081904:2:2:80:True:2021-06-22
16:ecmascript-6:68080604:1:2:75:True:2021-06-22
17:ecmascript-6:68080108:1:1:22:True:2021-06-22
18:ecmascript-6:68078537:0:0:29:False:2021-06-22
19:ecmascript-6:68077965:2:1:32:False:2021-06-22
20:ecmascript-6:68077070:0:0:49:False:2021-06-22
21:ecmascript-6:68076725:3:2:37:True:2021-06-22
22:ecmascript-6:68076081:0:3:44:True:2021-06-22
23:ecmascript-6:68075519:2:1:128:False:2021-06-21
24:ecmascript-6:68074705:-1:1:56:True:2021-06-21
25:ecmascript-6:68073704:0:0:49:False:2021-06-21
26:ecmascript-6:68065793:0:1:33:False:2021-06-21
27:ecmascript-6:68061005:0:1:208:True:2021-06-21
28:ecmascript-6:68056969:0:1:140:True:2021-06-20
29:ecmascript-6:68052034:2:2:67:True:2021-06-20
30:ecmascript-6:68051605:3:1:102:True:2021-06-19
31:ecmascript-6:68044285:0:2:43:True:2021-06-19
32:ecmascript-6:68044276:2:2:56:True:2021-06-19
33:ecmascript-6:68040774:1:1:186:True:2021-06-18
34:ecmascript-6:68039450:0:0:16:False:2021-06-18
35:ecmascript-6:68038519:2:2:62:True:2021-06-18
36:ecmascript-6:68038424:1:2:26:False:2021-06-18
37:ecmascript-6:68038000:-2:2:43:False:2021-06-18
38:ecmascript-6:68037046:1:2:989:True:2021-06-18
39:ecmascript-6:68034385:1:3:37:False:2021-06-18
40:ecmascript-6:68033317:0:2:29:True:2021-06-18
41:ecmascript-6:68032779:0:1:27:True:2021-06-18
42:ecmascript-6:68031612:0:0:31:False:2021-06-18
43:ecmascript-6:68031249:0:1:58:True:2021-06-18
44:ecmascript-6:68030090:1:1:59:True:2021-06-18
45:ecmascript-6:68025542:1:1:69:True:2021-06-17
46:ecmascript-6:68025270:1:1:363:True:2021-06-17
47:ecmascript-6:68024362:-1:5:59:True:2021-06-17
48:ecmascript-6:68023019:0:1:56:False:2021-06-17
49:ecmascript-6:68022967:0:3:44:True:2021-06-17
:tag:id:vote:answer:views:accepted:date
0:ecmascript-6:68022505:0:1:35:True:2021-06-17
1:ecmascript-6:68015135:0:0:17:False:2021-06-17
2:ecmascript-6:68014326:0:1:39:False:2021-06-17
3:ecmascript-6:68011864:0:0:12:False:2021-06-17
4:ecmascript-6:68010220:-1:1:37:True:2021-06-16
5:ecmascript-6:68009906:0:1:18:False:2021-06-16
6:ecmascript-6:68006615:0:1:60:True:2021-06-16
7:ecmascript-6:68004626:-1:2:37:True:2021-06-16
8:ecmascript-6:68003156:-1:1:38:False:2021-06-16
9:ecmascript-6:67995873:5:1:176:False:2021-06-16
10:ecmascript-6:67995101:0:3:74:True:2021-06-16
11:ecmascript-6:67993048:0:1:347:True:2021-06-15
12:ecmascript-6:67992449:-1:2:69:False:2021-06-15
13:ecmascript-6:67985747:1:1:42:True:2021-06-15
14:ecmascript-6:67978958:0:1:51:False:2021-06-15
15:ecmascript-6:67978276:-1:1:32:True:2021-06-14
16:ecmascript-6:67977022:0:3:62:True:2021-06-14
17:ecmascript-6:67974479:0:1:45:False:2021-06-14
18:ecmascript-6:67974435:1:1:33:False:2021-06-14
19:ecmascript-6:67972855:-1:2:28:False:2021-06-14
20:ecmascript-6:67972241:-2:1:39:False:2021-06-14
21:ecmascript-6:67971137:0:2:49:True:2021-06-14
22:ecmascript-6:67970922:0:1:54:True:2021-06-14
23:ecmascript-6:67970798:0:0:38:False:2021-06-14
24:ecmascript-6:67970465:0:4:72:True:2021-06-14
25:ecmascript-6:67965219:0:1:34:True:2021-06-14
26:ecmascript-6:67958356:0:1:37:False:2021-06-13
27:ecmascript-6:67953067:1:3:41:True:2021-06-12
28:ecmascript-6:67948777:0:0:156:False:2021-06-12
29:ecmascript-6:67942870:0:1:232:False:2021-06-11
30:ecmascript-6:67942220:2:2:42:True:2021-06-11
31:ecmascript-6:67940406:-2:1:61:False:2021-06-11
32:ecmascript-6:67937561:0:0:29:False:2021-06-11
33:ecmascript-6:67936493:0:1:26:True:2021-06-11
34:ecmascript-6:67933595:0:3:260:True:2021-06-11
35:ecmascript-6:67932921:0:1:86:False:2021-06-11
36:ecmascript-6:67928470:-5:1:71:True:2021-06-10
37:ecmascript-6:67923835:0:1:21:False:2021-06-10
38:ecmascript-6:67921831:0:0:20:False:2021-06-10
39:ecmascript-6:67920808:0:2:50:True:2021-06-10
40:ecmascript-6:67920449:0:0:25:False:2021-06-10
41:ecmascript-6:67918574:0:2:31:True:2021-06-10
42:ecmascript-6:67917956:0:2:82:True:2021-06-10
43:ecmascript-6:67917103:1:2:84:True:2021-06-10
44:ecmascript-6:67916537:0:3:34:True:2021-06-10
45:ecmascript-6:67915765:1:1:46:True:2021-06-10
46:ecmascript-6:67913707:0:0:23:False:2021-06-10
47:ecmascript-6:67911880:-2:2:40:True:2021-06-09
48:ecmascript-6:67909148:0:0:46:False:2021-06-09
49:ecmascript-6:67908098:0:1:30:True:2021-06-09
:tag:id:vote:answer:views:accepted:date
0:ecmascript-6:67907128:0:0:28:False:2021-06-09
1:ecmascript-6:67903941:0:1:36:False:2021-06-09
2:ecmascript-6:67903389:0:0:32:False:2021-06-09
3:ecmascript-6:67903095:0:0:28:False:2021-06-09
4:ecmascript-6:67902985:0:2:43:True:2021-06-09
5:ecmascript-6:67902474:0:2:26:True:2021-06-09
6:ecmascript-6:67899485:1:4:49:True:2021-06-09
7:ecmascript-6:67892214:0:1:39:True:2021-06-08
8:ecmascript-6:67891324:0:0:38:False:2021-06-08
9:ecmascript-6:67889620:0:1:35:False:2021-06-08
10:ecmascript-6:67887816:0:1:198:False:2021-06-08
11:ecmascript-6:67887328:1:2:48:True:2021-06-08
12:ecmascript-6:67886352:2:3:83:False:2021-06-08
13:ecmascript-6:67886342:2:2:72:True:2021-06-08
14:ecmascript-6:67886227:-3:3:44:True:2021-06-08
15:ecmascript-6:67883131:0:1:32:True:2021-06-08
16:ecmascript-6:67882719:0:0:30:False:2021-06-08
17:ecmascript-6:67881709:0:0:41:False:2021-06-08
18:ecmascript-6:67879101:0:1:33:True:2021-06-07
19:ecmascript-6:67878265:0:0:36:False:2021-06-07
20:ecmascript-6:67873745:0:1:29:False:2021-06-07
21:ecmascript-6:67873321:0:1:36:False:2021-06-07
22:ecmascript-6:67866641:-1:4:285:True:2021-06-07
23:ecmascript-6:67865268:1:0:355:False:2021-06-07
24:ecmascript-6:67861898:0:0:32:False:2021-06-06
25:ecmascript-6:67855714:3:1:54:True:2021-06-06
26:ecmascript-6:67852644:0:2:40:True:2021-06-05
27:ecmascript-6:67852639:0:1:27:True:2021-06-05
28:ecmascript-6:67851005:0:1:36:False:2021-06-05
29:ecmascript-6:67848427:0:1:375:True:2021-06-05
30:ecmascript-6:67847395:-1:1:34:True:2021-06-05
31:ecmascript-6:67847229:1:4:387:True:2021-06-05
32:ecmascript-6:67845658:0:1:30:False:2021-06-05
33:ecmascript-6:67842961:0:0:19:False:2021-06-04
34:ecmascript-6:67840479:0:1:110:False:2021-06-04
35:ecmascript-6:67840401:-1:1:29:True:2021-06-04
36:ecmascript-6:67838818:0:0:54:False:2021-06-04
37:ecmascript-6:67835431:0:1:77:True:2021-06-04
38:ecmascript-6:67828651:-1:1:40:False:2021-06-03
39:ecmascript-6:67827191:0:2:38:True:2021-06-03
40:ecmascript-6:67827184:0:2:39:True:2021-06-03
41:ecmascript-6:67823582:-1:2:50:False:2021-06-03
42:ecmascript-6:67821438:0:3:70:True:2021-06-03
43:ecmascript-6:67820778:0:0:25:False:2021-06-03
44:ecmascript-6:67820746:0:2:41:True:2021-06-03
45:ecmascript-6:67819667:0:3:51:True:2021-06-03
46:ecmascript-6:67819465:0:0:18:False:2021-06-03
47:ecmascript-6:67819203:0:2:37:True:2021-06-03
48:ecmascript-6:67818912:0:1:30:False:2021-06-03
49:ecmascript-6:67814533:1:0:105:False:2021-06-03
:tag:id:vote:answer:views:accepted:date
0:ecmascript-6:67814190:1:1:35:True:2021-06-03
1:ecmascript-6:67813996:0:1:55:True:2021-06-03
2:ecmascript-6:67812574:0:0:37:False:2021-06-02
3:ecmascript-6:67809050:0:2:50:True:2021-06-02
4:ecmascript-6:67808175:-2:2:49:True:2021-06-02
5:ecmascript-6:67806599:0:2:102:True:2021-06-02
6:ecmascript-6:67806563:0:1:33:True:2021-06-02
7:ecmascript-6:67804394:1:3:51:True:2021-06-02
8:ecmascript-6:67803664:0:0:35:False:2021-06-02
9:ecmascript-6:67798789:2:2:38:True:2021-06-02
10:ecmascript-6:67797691:0:1:22:False:2021-06-02
11:ecmascript-6:67797363:0:2:55:False:2021-06-02
12:ecmascript-6:67791839:1:2:41:True:2021-06-01
13:ecmascript-6:67790990:0:2:215:True:2021-06-01
14:ecmascript-6:67788898:-1:2:50:True:2021-06-01
15:ecmascript-6:67786504:0:3:57:True:2021-06-01
16:ecmascript-6:67783082:1:1:254:False:2021-06-01
17:ecmascript-6:67778093:0:1:27:True:2021-05-31
18:ecmascript-6:67776417:-1:1:84:True:2021-05-31
19:ecmascript-6:67775365:0:1:32:False:2021-05-31
20:ecmascript-6:67774691:0:1:25:False:2021-05-31
21:ecmascript-6:67772266:0:0:33:False:2021-05-31
22:ecmascript-6:67771895:1:1:40:True:2021-05-31
23:ecmascript-6:67771839:-1:1:45:True:2021-05-31
24:ecmascript-6:67771671:0:2:36:True:2021-05-31
25:ecmascript-6:67771528:0:0:112:False:2021-05-31
26:ecmascript-6:67768706:0:2:73:False:2021-05-31
27:ecmascript-6:67768089:0:1:28:True:2021-05-31
28:ecmascript-6:67767063:-1:2:35:True:2021-05-31
29:ecmascript-6:67764768:1:0:35:False:2021-05-30
30:ecmascript-6:67764633:0:1:60:True:2021-05-30
31:ecmascript-6:67764413:-1:1:97:False:2021-05-30
32:ecmascript-6:67760880:0:1:21:False:2021-05-30
33:ecmascript-6:67757270:0:2:49:False:2021-05-30
34:ecmascript-6:67757165:1:1:53:True:2021-05-30
35:ecmascript-6:67757144:0:1:46:True:2021-05-30
36:ecmascript-6:67754446:0:1:35:False:2021-05-29
37:ecmascript-6:67750064:2:3:42:True:2021-05-29
38:ecmascript-6:67747455:0:0:28:False:2021-05-29
39:ecmascript-6:67746158:0:1:44:True:2021-05-28
40:ecmascript-6:67745087:1:2:52:True:2021-05-28
41:ecmascript-6:67745059:0:1:49:True:2021-05-28
42:ecmascript-6:67743263:0:1:24:True:2021-05-28
43:ecmascript-6:67742117:0:2:32:True:2021-05-28
44:ecmascript-6:67741006:0:1:36:True:2021-05-28
45:ecmascript-6:67740296:0:1:38:True:2021-05-28
46:ecmascript-6:67739495:0:0:20:False:2021-05-28
47:ecmascript-6:67739488:1:1:381:True:2021-05-28
48:ecmascript-6:67739425:0:1:79:False:2021-05-28
49:ecmascript-6:67738691:1:2:42:True:2021-05-28
:tag:id:vote:answer:views:accepted:date
0:ecmascript-6:67736111:0:0:21:False:2021-05-28
1:ecmascript-6:67733387:0:0:32:False:2021-05-28
2:ecmascript-6:67732863:0:1:37:True:2021-05-28
3:ecmascript-6:67727203:-1:1:51:True:2021-05-27
4:ecmascript-6:67726740:0:4:99:True:2021-05-27
5:ecmascript-6:67719572:0:1:70:False:2021-05-27
6:ecmascript-6:67719169:-1:1:96:False:2021-05-27
7:ecmascript-6:67716448:-1:3:57:False:2021-05-27
8:ecmascript-6:67715988:1:3:686:True:2021-05-27
9:ecmascript-6:67714082:0:3:38:True:2021-05-26
10:ecmascript-6:67713604:0:2:22:True:2021-05-26
11:ecmascript-6:67711450:0:1:30:False:2021-05-26
12:ecmascript-6:67708959:0:1:26:False:2021-05-26
13:ecmascript-6:67708049:2:2:117:True:2021-05-26
14:ecmascript-6:67704312:0:1:71:True:2021-05-26
15:ecmascript-6:67701012:2:1:45:True:2021-05-26
16:ecmascript-6:67693258:0:0:52:False:2021-05-25
17:ecmascript-6:67692933:-1:5:53:True:2021-05-25
18:ecmascript-6:67687104:0:1:39:False:2021-05-25
19:ecmascript-6:67686763:0:3:51:False:2021-05-25
20:ecmascript-6:67681433:1:0:27:False:2021-05-25
21:ecmascript-6:67680063:0:0:11:False:2021-05-24
22:ecmascript-6:67679507:0:0:30:False:2021-05-24
23:ecmascript-6:67679044:0:1:43:False:2021-05-24
24:ecmascript-6:67678118:0:1:25:True:2021-05-24
25:ecmascript-6:67678095:0:3:40:False:2021-05-24
26:ecmascript-6:67676545:0:1:58:False:2021-05-24
27:ecmascript-6:67676424:-1:2:77:True:2021-05-24
28:ecmascript-6:67674453:1:1:624:True:2021-05-24
29:ecmascript-6:67671515:0:0:42:False:2021-05-24
30:ecmascript-6:67670275:0:3:49:True:2021-05-24
31:ecmascript-6:67669640:1:1:51:True:2021-05-24
32:ecmascript-6:67668769:0:0:24:False:2021-05-24
33:ecmascript-6:67668594:0:1:37:True:2021-05-24
34:ecmascript-6:67668178:0:1:29:False:2021-05-24
35:ecmascript-6:67659820:0:0:26:False:2021-05-23
36:ecmascript-6:67659436:0:0:18:False:2021-05-23
37:ecmascript-6:67657219:-2:1:39:True:2021-05-23
38:ecmascript-6:67654851:0:2:31:True:2021-05-22
39:ecmascript-6:67649379:1:0:84:False:2021-05-22
40:ecmascript-6:67648500:2:1:150:True:2021-05-22
41:ecmascript-6:67646539:3:2:62:True:2021-05-22
42:ecmascript-6:67646159:-3:2:59:True:2021-05-22
43:ecmascript-6:67645840:1:1:35:True:2021-05-22
44:ecmascript-6:67644296:0:1:22:True:2021-05-21
45:ecmascript-6:67643614:0:0:44:False:2021-05-21
46:ecmascript-6:67643344:0:3:87:False:2021-05-21
47:ecmascript-6:67640526:0:0:10:False:2021-05-21
48:ecmascript-6:67639153:0:0:8:False:2021-05-21
49:ecmascript-6:67636333:-2:1:43:True:2021-05-21
:tag:id:vote:answer:views:accepted:date
0:ecmascript-6:67629959:-2:1:29:True:2021-05-21
1:ecmascript-6:67626764:0:1:49:False:2021-05-20
2:ecmascript-6:67626486:0:2:54:False:2021-05-20
3:ecmascript-6:67620953:0:0:34:False:2021-05-20
4:ecmascript-6:67620034:0:2:41:True:2021-05-20
5:ecmascript-6:67618419:0:0:21:False:2021-05-20
6:ecmascript-6:67617477:0:0:20:False:2021-05-20
7:ecmascript-6:67612297:1:1:35:True:2021-05-19
8:ecmascript-6:67608343:-4:1:73:False:2021-05-19
9:ecmascript-6:67606936:1:2:43:True:2021-05-19
10:ecmascript-6:67603795:0:0:36:False:2021-05-19
11:ecmascript-6:67601678:0:0:8:False:2021-05-19
12:ecmascript-6:67600868:0:0:22:False:2021-05-19
13:ecmascript-6:67596722:0:1:51:True:2021-05-19
14:ecmascript-6:67593085:0:1:31:True:2021-05-18
15:ecmascript-6:67592015:0:1:89:False:2021-05-18
16:ecmascript-6:67582029:0:1:40:True:2021-05-18
17:ecmascript-6:67581004:0:2:42:True:2021-05-18
18:ecmascript-6:67580729:0:1:36:True:2021-05-18
19:ecmascript-6:67573056:0:0:78:False:2021-05-17
20:ecmascript-6:67572045:0:1:22:False:2021-05-17
21:ecmascript-6:67570318:0:1:45:False:2021-05-17
22:ecmascript-6:67567132:0:1:26:False:2021-05-17
23:ecmascript-6:67566695:0:0:26:False:2021-05-17
24:ecmascript-6:67565708:0:2:599:False:2021-05-17
25:ecmascript-6:67564285:1:1:48:True:2021-05-17
26:ecmascript-6:67564171:0:0:134:False:2021-05-17
27:ecmascript-6:67561683:0:2:29:True:2021-05-16
28:ecmascript-6:67556839:0:2:48:True:2021-05-16
29:ecmascript-6:67555615:0:2:43:False:2021-05-16
30:ecmascript-6:67553023:0:2:40:True:2021-05-16
31:ecmascript-6:67552479:0:2:36:True:2021-05-16
32:ecmascript-6:67547684:-2:1:28:True:2021-05-15
33:ecmascript-6:67546317:0:1:187:True:2021-05-15
34:ecmascript-6:67546078:0:0:46:False:2021-05-15
35:ecmascript-6:67539749:0:0:29:False:2021-05-14
36:ecmascript-6:67536523:0:1:61:True:2021-05-14
37:ecmascript-6:67534091:0:1:32:True:2021-05-14
38:ecmascript-6:67532117:0:4:70:True:2021-05-14
39:ecmascript-6:67531826:0:1:92:True:2021-05-14
40:ecmascript-6:67529390:0:2:73:True:2021-05-14
41:ecmascript-6:67527439:-1:1:71:False:2021-05-13
42:ecmascript-6:67526509:0:4:33:True:2021-05-13
43:ecmascript-6:67526388:0:1:31:False:2021-05-13
44:ecmascript-6:67525414:0:2:41:True:2021-05-13
45:ecmascript-6:67521527:2:1:316:True:2021-05-13
46:ecmascript-6:67521077:1:1:25:True:2021-05-13
47:ecmascript-6:67518195:1:1:29:False:2021-05-13
48:ecmascript-6:67517804:1:2:52:False:2021-05-13
49:ecmascript-6:67517780:0:1:95:True:2021-05-13
:tag:id:vote:answer:views:accepted:date
0:ecmascript-6:67515862:0:1:35:True:2021-05-13
1:ecmascript-6:67514129:0:1:62:True:2021-05-13
2:ecmascript-6:67510008:0:0:18:False:2021-05-12
3:ecmascript-6:67507448:-2:1:41:True:2021-05-12
4:ecmascript-6:67505665:-3:1:44:True:2021-05-12
5:ecmascript-6:67505309:0:0:21:False:2021-05-12
6:ecmascript-6:67504482:1:4:51:True:2021-05-12
7:ecmascript-6:67496588:-1:1:76:False:2021-05-12
8:ecmascript-6:67496496:0:1:61:True:2021-05-12
9:ecmascript-6:67495782:-1:1:58:True:2021-05-12
10:ecmascript-6:67494793:0:1:57:True:2021-05-11
11:ecmascript-6:67490534:-2:1:295:False:2021-05-11
12:ecmascript-6:67481556:0:2:41:True:2021-05-11
13:ecmascript-6:67479678:0:2:55:True:2021-05-11
14:ecmascript-6:67479647:0:1:42:False:2021-05-11
15:ecmascript-6:67477594:0:0:28:False:2021-05-10
16:ecmascript-6:67475189:0:3:62:True:2021-05-10
17:ecmascript-6:67474878:0:0:42:False:2021-05-10
18:ecmascript-6:67474492:0:1:31:True:2021-05-10
19:ecmascript-6:67472533:0:1:48:True:2021-05-10
20:ecmascript-6:67469851:0:1:83:True:2021-05-10
21:ecmascript-6:67467312:0:1:39:True:2021-05-10
22:ecmascript-6:67465791:-2:2:64:False:2021-05-10
23:ecmascript-6:67463911:0:0:41:False:2021-05-10
24:ecmascript-6:67463909:0:1:182:True:2021-05-10
25:ecmascript-6:67461312:1:1:48:True:2021-05-09
26:ecmascript-6:67456307:0:1:31:True:2021-05-09
27:ecmascript-6:67453704:0:1:19:True:2021-05-09
28:ecmascript-6:67451270:0:2:61:False:2021-05-08
29:ecmascript-6:67446829:0:3:78:True:2021-05-08
30:ecmascript-6:67442785:0:0:43:False:2021-05-07
31:ecmascript-6:67441254:0:0:20:False:2021-05-07
32:ecmascript-6:67439258:-2:2:47:False:2021-05-07
33:ecmascript-6:67438819:-1:3:47:True:2021-05-07
34:ecmascript-6:67432754:0:0:166:False:2021-05-07
35:ecmascript-6:67430464:0:0:31:False:2021-05-07
36:ecmascript-6:67425750:0:1:18:False:2021-05-06
37:ecmascript-6:67424033:2:2:45:False:2021-05-06
38:ecmascript-6:67422731:0:1:43:True:2021-05-06
39:ecmascript-6:67419584:-2:2:56:True:2021-05-06
40:ecmascript-6:67417666:3:2:218:True:2021-05-06
41:ecmascript-6:67416881:3:3:223:False:2021-05-06
42:ecmascript-6:67413517:0:5:65:True:2021-05-06
43:ecmascript-6:67413291:0:0:27:False:2021-05-06
44:ecmascript-6:67411043:0:1:66:True:2021-05-06
45:ecmascript-6:67410921:0:1:37:True:2021-05-06
46:ecmascript-6:67410681:0:1:47:False:2021-05-06
47:ecmascript-6:67406436:0:3:50:True:2021-05-05
48:ecmascript-6:67404394:1:2:31:True:2021-05-05
49:ecmascript-6:67399202:0:2:84:False:2021-05-05
:tag:id:vote:answer:views:accepted:date
0:ecmascript-6:67399064:0:0:23:False:2021-05-05
1:ecmascript-6:67398916:0:3:52:True:2021-05-05
2:ecmascript-6:67394371:0:0:53:False:2021-05-05
3:ecmascript-6:67391503:1:0:40:False:2021-05-04
4:ecmascript-6:67389867:0:3:37:True:2021-05-04
5:ecmascript-6:67389450:-1:1:34:True:2021-05-04
6:ecmascript-6:67389292:-1:1:29:True:2021-05-04
7:ecmascript-6:67386929:0:1:15:True:2021-05-04
8:ecmascript-6:67386210:0:0:19:False:2021-05-04
9:ecmascript-6:67385325:-2:2:41:False:2021-05-04
10:ecmascript-6:67383950:0:2:23:False:2021-05-04
11:ecmascript-6:67378906:0:1:32:True:2021-05-04
12:ecmascript-6:67374880:0:1:21:False:2021-05-03
13:ecmascript-6:67373616:0:4:41:True:2021-05-03
14:ecmascript-6:67372550:-2:1:83:False:2021-05-03
15:ecmascript-6:67371743:0:1:26:False:2021-05-03
16:ecmascript-6:67371459:1:2:49:True:2021-05-03
17:ecmascript-6:67369831:0:0:101:False:2021-05-03
18:ecmascript-6:67366728:0:2:40:False:2021-05-03
19:ecmascript-6:67364761:0:2:41:True:2021-05-03
20:ecmascript-6:67362514:0:2:68:True:2021-05-03
21:ecmascript-6:67362035:2:1:120:False:2021-05-02
22:ecmascript-6:67361557:-2:1:27:False:2021-05-02
23:ecmascript-6:67359030:0:1:141:True:2021-05-02
24:ecmascript-6:67358693:0:2:31:True:2021-05-02
25:ecmascript-6:67355793:-1:1:44:True:2021-05-02
26:ecmascript-6:67350493:0:3:53:False:2021-05-01
27:ecmascript-6:67348239:1:1:240:False:2021-05-01
28:ecmascript-6:67347875:0:1:72:False:2021-05-01
29:ecmascript-6:67342274:0:1:24:False:2021-05-01
30:ecmascript-6:67341250:0:2:49:True:2021-04-30
31:ecmascript-6:67339680:-1:1:40:True:2021-04-30
32:ecmascript-6:67338497:0:2:23:False:2021-04-30
33:ecmascript-6:67334218:0:2:86:False:2021-04-30
34:ecmascript-6:67329632:0:0:21:False:2021-04-30
35:ecmascript-6:67327509:-1:1:43:False:2021-04-30
36:ecmascript-6:67327311:1:1:27:True:2021-04-30
37:ecmascript-6:67326085:-1:2:43:True:2021-04-29
38:ecmascript-6:67325247:0:5:62:True:2021-04-29
39:ecmascript-6:67318265:0:1:45:True:2021-04-29
40:ecmascript-6:67317295:0:1:32:False:2021-04-29
41:ecmascript-6:67315865:0:0:34:False:2021-04-29
42:ecmascript-6:67315453:2:2:49:True:2021-04-29
43:ecmascript-6:67315025:-3:2:47:False:2021-04-29
44:ecmascript-6:67313444:0:4:57:True:2021-04-29
45:ecmascript-6:67311982:-2:1:43:True:2021-04-29
46:ecmascript-6:67310381:0:2:32:False:2021-04-29
47:ecmascript-6:67310124:-1:1:23:False:2021-04-29
48:ecmascript-6:67309302:1:1:69:True:2021-04-28
49:ecmascript-6:67308858:1:3:61:True:2021-04-28
:tag:id:vote:answer:views:accepted:date
0:ecmascript-6:67304294:0:0:320:False:2021-04-28
1:ecmascript-6:67301967:-2:1:45:True:2021-04-28
2:ecmascript-6:67300873:-1:1:29:True:2021-04-28
3:ecmascript-6:67299687:2:1:63:False:2021-04-28
4:ecmascript-6:67299653:0:1:38:False:2021-04-28
5:ecmascript-6:67299641:0:1:27:False:2021-04-28
6:ecmascript-6:67298366:0:0:23:False:2021-04-28
7:ecmascript-6:67295215:1:1:30:True:2021-04-28
8:ecmascript-6:67295108:1:3:46:False:2021-04-28
9:ecmascript-6:67294421:0:0:80:False:2021-04-28
10:ecmascript-6:67282213:1:0:802:False:2021-04-27
11:ecmascript-6:67282061:1:1:40:True:2021-04-27
12:ecmascript-6:67280516:0:4:73:True:2021-04-27
13:ecmascript-6:67277194:-2:1:220:True:2021-04-27
14:ecmascript-6:67276652:0:0:26:False:2021-04-27
15:ecmascript-6:67276336:1:3:174:True:2021-04-27
16:ecmascript-6:67275221:0:1:32:True:2021-04-26
17:ecmascript-6:67271244:-2:4:72:False:2021-04-26
18:ecmascript-6:67264515:1:1:49:True:2021-04-26
19:ecmascript-6:67263808:0:0:39:False:2021-04-26
20:ecmascript-6:67262781:0:2:62:True:2021-04-26
21:ecmascript-6:67262000:0:0:32:False:2021-04-26
22:ecmascript-6:67261543:0:1:56:True:2021-04-26
23:ecmascript-6:67259960:0:1:194:False:2021-04-26
24:ecmascript-6:67257272:0:1:27:False:2021-04-25
25:ecmascript-6:67254477:0:1:121:False:2021-04-25
26:ecmascript-6:67253629:-3:1:43:True:2021-04-25
27:ecmascript-6:67253384:0:2:46:False:2021-04-25
28:ecmascript-6:67246229:1:1:317:False:2021-04-24
29:ecmascript-6:67245584:3:2:60:True:2021-04-24
30:ecmascript-6:67243864:1:1:94:True:2021-04-24
31:ecmascript-6:67231586:0:2:37:False:2021-04-23
32:ecmascript-6:67229842:0:0:31:False:2021-04-23
33:ecmascript-6:67228500:0:1:174:True:2021-04-23
34:ecmascript-6:67226986:0:0:28:False:2021-04-23
35:ecmascript-6:67223912:1:2:25:True:2021-04-23
36:ecmascript-6:67223273:2:1:1000:True:2021-04-23
37:ecmascript-6:67221238:1:0:34:False:2021-04-22
38:ecmascript-6:67220496:0:1:44:True:2021-04-22
39:ecmascript-6:67218235:0:2:44:True:2021-04-22
40:ecmascript-6:67215747:0:1:34:True:2021-04-22
41:ecmascript-6:67212993:-1:2:31:False:2021-04-22
42:ecmascript-6:67210018:0:0:37:False:2021-04-22
43:ecmascript-6:67205971:0:2:18:True:2021-04-22
44:ecmascript-6:67205845:0:0:25:False:2021-04-22
45:ecmascript-6:67203139:1:2:204:False:2021-04-21
46:ecmascript-6:67200767:1:2:32:False:2021-04-21
47:ecmascript-6:67200196:0:0:21:False:2021-04-21
48:ecmascript-6:67198709:0:3:52:True:2021-04-21
49:ecmascript-6:67197842:1:1:122:True:2021-04-21
:tag:id:vote:answer:views:accepted:date
0:ecmascript-6:67195646:0:0:278:False:2021-04-21
1:ecmascript-6:67195488:1:3:42:True:2021-04-21
2:ecmascript-6:67194659:0:1:32:False:2021-04-21
3:ecmascript-6:67189774:0:2:330:True:2021-04-21
4:ecmascript-6:67189698:1:1:3000:True:2021-04-21
5:ecmascript-6:67187910:0:0:42:False:2021-04-21
6:ecmascript-6:67187721:-1:1:41:False:2021-04-21
7:ecmascript-6:67187536:0:2:36:True:2021-04-20
8:ecmascript-6:67187309:0:0:43:False:2021-04-20
9:ecmascript-6:67187307:0:0:23:False:2021-04-20
10:ecmascript-6:67185721:0:0:27:False:2021-04-20
11:ecmascript-6:67180730:0:2:34:False:2021-04-20
12:ecmascript-6:67174413:0:1:52:False:2021-04-20
13:ecmascript-6:67160791:0:1:36:False:2021-04-19
14:ecmascript-6:67160769:0:2:37:True:2021-04-19
15:ecmascript-6:67159027:0:0:30:False:2021-04-19
16:ecmascript-6:67158156:1:2:72:True:2021-04-19
17:ecmascript-6:67157904:1:2:70:True:2021-04-19
18:ecmascript-6:67157657:0:0:63:False:2021-04-19
19:ecmascript-6:67157635:2:3:85:True:2021-04-19
20:ecmascript-6:67157437:1:0:55:False:2021-04-19
21:ecmascript-6:67156412:1:1:39:False:2021-04-19
22:ecmascript-6:67155778:3:3:63:False:2021-04-19
23:ecmascript-6:67154069:1:2:134:True:2021-04-18
24:ecmascript-6:67152323:0:3:73:True:2021-04-18
25:ecmascript-6:67149197:2:8:89:True:2021-04-18
26:ecmascript-6:67148903:1:0:46:False:2021-04-18
27:ecmascript-6:67147809:2:2:159:True:2021-04-18
28:ecmascript-6:67146260:1:5:136:False:2021-04-18
29:ecmascript-6:67144388:0:1:86:True:2021-04-18
30:ecmascript-6:67141303:0:0:20:False:2021-04-17
31:ecmascript-6:67140077:0:0:40:False:2021-04-17
32:ecmascript-6:67134857:1:1:34:True:2021-04-17
33:ecmascript-6:67133834:0:1:244:True:2021-04-17
34:ecmascript-6:67129198:0:2:52:True:2021-04-16
35:ecmascript-6:67128005:1:1:28:True:2021-04-16
36:ecmascript-6:67122148:0:2:49:False:2021-04-16
37:ecmascript-6:67121312:0:4:273:True:2021-04-16
38:ecmascript-6:67120816:0:0:69:False:2021-04-16
39:ecmascript-6:67118580:2:1:20:True:2021-04-16
40:ecmascript-6:67113195:0:1:23:False:2021-04-15
41:ecmascript-6:67110411:0:1:29:True:2021-04-15
42:ecmascript-6:67104447:3:0:117:False:2021-04-15
43:ecmascript-6:67102764:-3:1:69:True:2021-04-15
44:ecmascript-6:67101842:0:1:28:True:2021-04-15
45:ecmascript-6:67098997:0:3:35:True:2021-04-14
46:ecmascript-6:67098754:0:2:51:False:2021-04-14
47:ecmascript-6:67092990:0:4:43:True:2021-04-14
48:ecmascript-6:67090081:1:0:36:False:2021-04-14
49:ecmascript-6:67089220:1:3:70:True:2021-04-14
:tag:id:vote:answer:views:accepted:date
0:ecmascript-6:67087361:1:3:36:True:2021-04-14
1:ecmascript-6:67086627:0:4:165:False:2021-04-14
2:ecmascript-6:67080529:0:2:68:True:2021-04-13
3:ecmascript-6:67080351:0:3:44:True:2021-04-13
4:ecmascript-6:67079289:1:3:34:True:2021-04-13
5:ecmascript-6:67075077:1:2:36:False:2021-04-13
6:ecmascript-6:67074387:0:1:133:True:2021-04-13
7:ecmascript-6:67073453:0:3:41:True:2021-04-13
8:ecmascript-6:67072837:0:1:51:True:2021-04-13
9:ecmascript-6:67070695:0:2:33:True:2021-04-13
10:ecmascript-6:67069497:1:3:52:True:2021-04-13
11:ecmascript-6:67068338:0:0:49:False:2021-04-13
12:ecmascript-6:67067544:1:0:33:False:2021-04-13
13:ecmascript-6:67066485:1:2:68:True:2021-04-12
14:ecmascript-6:67066126:0:0:27:False:2021-04-12
15:ecmascript-6:67065312:-3:2:44:True:2021-04-12
16:ecmascript-6:67062783:1:1:39:True:2021-04-12
17:ecmascript-6:67062486:0:1:21:True:2021-04-12
18:ecmascript-6:67061952:0:1:62:False:2021-04-12
19:ecmascript-6:67060653:-1:3:64:True:2021-04-12
20:ecmascript-6:67058149:0:1:127:True:2021-04-12
21:ecmascript-6:67057370:0:0:350:False:2021-04-12
22:ecmascript-6:67056755:2:1:160:True:2021-04-12
23:ecmascript-6:67054870:0:2:78:True:2021-04-12
24:ecmascript-6:67053558:-2:3:49:True:2021-04-12
25:ecmascript-6:67053123:1:1:85:False:2021-04-12
26:ecmascript-6:67049286:0:0:31:False:2021-04-11
27:ecmascript-6:67043330:0:2:43:False:2021-04-11
28:ecmascript-6:67041431:1:1:31:True:2021-04-11
29:ecmascript-6:67040888:1:3:87:True:2021-04-11
30:ecmascript-6:67039518:4:3:71:False:2021-04-10
31:ecmascript-6:67034550:0:2:44:True:2021-04-10
32:ecmascript-6:67034103:-1:2:88:False:2021-04-10
33:ecmascript-6:67033001:0:5:145:True:2021-04-10
34:ecmascript-6:67032685:0:1:94:True:2021-04-10
35:ecmascript-6:67031420:1:3:67:True:2021-04-10
36:ecmascript-6:67027813:0:1:20:True:2021-04-09
37:ecmascript-6:67026470:1:1:28:True:2021-04-09
38:ecmascript-6:67025668:0:2:132:False:2021-04-09
39:ecmascript-6:67023943:0:1:35:False:2021-04-09
40:ecmascript-6:67018781:0:0:162:False:2021-04-09
41:ecmascript-6:67009049:0:1:29:False:2021-04-08
42:ecmascript-6:67008553:0:0:37:False:2021-04-08
43:ecmascript-6:67004582:0:0:59:False:2021-04-08
44:ecmascript-6:67001452:0:1:46:False:2021-04-08
45:ecmascript-6:66998721:0:1:55:False:2021-04-08
46:ecmascript-6:66998628:0:1:62:False:2021-04-08
47:ecmascript-6:66997244:1:1:191:True:2021-04-08
48:ecmascript-6:66993622:0:1:54:True:2021-04-07
49:ecmascript-6:66991925:0:0:16:False:2021-04-07
:tag:id:vote:answer:views:accepted:date
0:ecmascript-6:66991537:-1:4:37:False:2021-04-07
1:ecmascript-6:66989540:1:0:59:False:2021-04-07
2:ecmascript-6:66985264:0:1:193:True:2021-04-07
3:ecmascript-6:66978004:0:1:56:False:2021-04-07
4:ecmascript-6:66970237:0:3:57:True:2021-04-06
5:ecmascript-6:66968875:0:0:41:False:2021-04-06
6:ecmascript-6:66966582:2:1:104:False:2021-04-06
7:ecmascript-6:66966197:-1:1:87:False:2021-04-06
8:ecmascript-6:66965659:0:1:37:True:2021-04-06
9:ecmascript-6:66965626:0:3:41:True:2021-04-06
10:ecmascript-6:66965104:1:4:53:True:2021-04-06
11:ecmascript-6:66964937:2:3:136:True:2021-04-06
12:ecmascript-6:66961318:1:1:51:True:2021-04-06
13:ecmascript-6:66960197:0:0:23:False:2021-04-05
14:ecmascript-6:66958938:0:2:73:True:2021-04-05
15:ecmascript-6:66958783:0:1:43:True:2021-04-05
16:ecmascript-6:66956751:-1:1:30:True:2021-04-05
17:ecmascript-6:66954595:2:3:57:True:2021-04-05
18:ecmascript-6:66952715:0:3:103:True:2021-04-05
19:ecmascript-6:66948209:0:1:52:True:2021-04-05
20:ecmascript-6:66946133:0:3:39:False:2021-04-04
21:ecmascript-6:66941849:3:2:511:True:2021-04-04
22:ecmascript-6:66939643:2:2:70:True:2021-04-04
23:ecmascript-6:66938998:0:2:65:True:2021-04-04
24:ecmascript-6:66937370:-1:3:199:False:2021-04-04
25:ecmascript-6:66929394:1:0:39:False:2021-04-03
26:ecmascript-6:66926264:0:0:21:False:2021-04-02
27:ecmascript-6:66924531:0:1:56:True:2021-04-02
28:ecmascript-6:66924251:-8:1:59:True:2021-04-02
29:ecmascript-6:66922732:0:0:58:False:2021-04-02
30:ecmascript-6:66919918:0:1:27:False:2021-04-02
31:ecmascript-6:66918701:-1:3:57:True:2021-04-02
32:ecmascript-6:66917382:1:0:145:False:2021-04-02
33:ecmascript-6:66917050:0:0:40:False:2021-04-02
34:ecmascript-6:66916036:1:0:25:False:2021-04-02
35:ecmascript-6:66914134:-3:1:47:True:2021-04-02
36:ecmascript-6:66913195:0:1:44:True:2021-04-02
37:ecmascript-6:66909253:0:1:45:False:2021-04-01
38:ecmascript-6:66906963:0:2:47:True:2021-04-01
39:ecmascript-6:66906799:0:1:79:True:2021-04-01
40:ecmascript-6:66899395:1:1:74:True:2021-04-01
41:ecmascript-6:66897720:0:1:160:True:2021-04-01
42:ecmascript-6:66895246:0:1:63:True:2021-03-31
43:ecmascript-6:66894588:0:1:38:True:2021-03-31
44:ecmascript-6:66891814:0:0:50:False:2021-03-31
45:ecmascript-6:66889991:-2:2:87:False:2021-03-31
46:ecmascript-6:66886574:0:0:22:False:2021-03-31
47:ecmascript-6:66885935:0:1:24:False:2021-03-31
48:ecmascript-6:66883986:0:1:52:True:2021-03-31
49:ecmascript-6:66881962:3:3:68:True:2021-03-31
:tag:id:vote:answer:views:accepted:date
0:ecmascript-6:66880851:0:1:51:True:2021-03-31
1:ecmascript-6:66879968:0:1:29:True:2021-03-31
2:ecmascript-6:66879149:-3:1:324:False:2021-03-30
3:ecmascript-6:66878191:0:1:123:False:2021-03-30
4:ecmascript-6:66874393:0:0:10:False:2021-03-30
5:ecmascript-6:66872123:0:1:106:False:2021-03-30
6:ecmascript-6:66871268:0:2:59:True:2021-03-30
7:ecmascript-6:66868677:0:1:84:False:2021-03-30
8:ecmascript-6:66868383:-1:2:32:False:2021-03-30
9:ecmascript-6:66868365:-1:2:32:True:2021-03-30
10:ecmascript-6:66867793:0:0:39:False:2021-03-30
11:ecmascript-6:66867788:0:4:194:False:2021-03-30
12:ecmascript-6:66862838:2:2:43:True:2021-03-29
13:ecmascript-6:66862249:1:3:44:True:2021-03-29
14:ecmascript-6:66861672:-1:2:59:False:2021-03-29
15:ecmascript-6:66859679:0:0:15:False:2021-03-29
16:ecmascript-6:66858046:0:2:35:True:2021-03-29
17:ecmascript-6:66858026:2:2:44:True:2021-03-29
18:ecmascript-6:66855624:0:0:29:False:2021-03-29
19:ecmascript-6:66855151:0:1:40:False:2021-03-29
20:ecmascript-6:66853567:0:0:75:False:2021-03-29
21:ecmascript-6:66844240:0:1:40:False:2021-03-28
22:ecmascript-6:66843982:1:1:39:False:2021-03-28
23:ecmascript-6:66842681:0:4:65:True:2021-03-28
24:ecmascript-6:66838351:1:0:21:False:2021-03-28
25:ecmascript-6:66835511:0:0:9:False:2021-03-27
26:ecmascript-6:66834833:0:0:181:False:2021-03-27
27:ecmascript-6:66831993:0:1:183:True:2021-03-27
28:ecmascript-6:66829042:3:0:91:False:2021-03-27
29:ecmascript-6:66825164:0:3:33:False:2021-03-26
30:ecmascript-6:66824680:0:1:29:False:2021-03-26
31:ecmascript-6:66822345:1:1:31:True:2021-03-26
32:ecmascript-6:66821264:0:1:15:True:2021-03-26
33:ecmascript-6:66816478:0:2:52:True:2021-03-26
34:ecmascript-6:66813369:1:1:67:False:2021-03-26
35:ecmascript-6:66812187:0:1:27:False:2021-03-26
36:ecmascript-6:66807473:1:1:66:True:2021-03-25
37:ecmascript-6:66805889:0:1:44:True:2021-03-25
38:ecmascript-6:66804535:0:1:15:True:2021-03-25
39:ecmascript-6:66803840:0:2:37:False:2021-03-25
40:ecmascript-6:66797155:1:1:45:True:2021-03-25
41:ecmascript-6:66796912:0:1:70:False:2021-03-25
42:ecmascript-6:66796785:0:1:34:False:2021-03-25
43:ecmascript-6:66796632:0:2:37:True:2021-03-25
44:ecmascript-6:66791070:0:2:82:True:2021-03-24
45:ecmascript-6:66789017:0:1:27:True:2021-03-24
46:ecmascript-6:66787994:1:2:37:True:2021-03-24
47:ecmascript-6:66787551:-1:2:27:True:2021-03-24
48:ecmascript-6:66786588:1:1:40:False:2021-03-24
49:ecmascript-6:66786316:0:0:28:False:2021-03-24
:tag:id:vote:answer:views:accepted:date
0:ecmascript-6:66785019:1:2:658:False:2021-03-24
1:ecmascript-6:66782345:-1:2:43:False:2021-03-24
2:ecmascript-6:66781950:0:0:51:False:2021-03-24
3:ecmascript-6:66780307:-2:1:16:False:2021-03-24
4:ecmascript-6:66779006:1:1:71:True:2021-03-24
5:ecmascript-6:66778833:0:1:33:False:2021-03-24
6:ecmascript-6:66778192:0:1:93:False:2021-03-24
7:ecmascript-6:66774418:2:0:70:False:2021-03-24
8:ecmascript-6:66774213:-2:2:42:True:2021-03-24
9:ecmascript-6:66770326:0:1:48:True:2021-03-23
10:ecmascript-6:66768073:0:4:32:True:2021-03-23
11:ecmascript-6:66764538:0:4:60:False:2021-03-23
12:ecmascript-6:66764525:0:2:49:False:2021-03-23
13:ecmascript-6:66760943:0:1:42:False:2021-03-23
14:ecmascript-6:66759812:0:1:134:False:2021-03-23
15:ecmascript-6:66758381:2:0:55:False:2021-03-23
16:ecmascript-6:66758248:2:1:56:True:2021-03-23
17:ecmascript-6:66755994:0:1:25:True:2021-03-23
18:ecmascript-6:66755523:0:1:35:False:2021-03-23
19:ecmascript-6:66755387:0:1:27:True:2021-03-22
20:ecmascript-6:66754583:0:2:66:True:2021-03-22
21:ecmascript-6:66749612:1:1:38:True:2021-03-22
22:ecmascript-6:66749377:0:0:57:False:2021-03-22
23:ecmascript-6:66744074:1:1:78:False:2021-03-22
24:ecmascript-6:66743472:133:5:10000:True:2021-03-22
25:ecmascript-6:66742982:-1:1:56:True:2021-03-22
26:ecmascript-6:66742583:0:1:361:True:2021-03-22
27:ecmascript-6:66742575:0:1:36:True:2021-03-22
28:ecmascript-6:66742424:0:0:20:False:2021-03-22
29:ecmascript-6:66741870:0:0:22:False:2021-03-22
30:ecmascript-6:66737541:0:2:40:True:2021-03-21
31:ecmascript-6:66735144:2:1:371:True:2021-03-21
32:ecmascript-6:66732484:0:0:75:False:2021-03-21
33:ecmascript-6:66730276:1:0:53:False:2021-03-21
34:ecmascript-6:66729201:-2:5:97:True:2021-03-21
35:ecmascript-6:66729200:-3:3:42:False:2021-03-21
36:ecmascript-6:66728703:-2:2:30:False:2021-03-21
37:ecmascript-6:66723617:0:1:160:True:2021-03-20
38:ecmascript-6:66722557:1:1:187:True:2021-03-20
39:ecmascript-6:66720472:1:1:38:True:2021-03-20
40:ecmascript-6:66719745:0:2:81:False:2021-03-20
41:ecmascript-6:66719238:1:0:36:False:2021-03-20
42:ecmascript-6:66717487:0:3:194:True:2021-03-20
43:ecmascript-6:66712919:2:1:388:True:2021-03-19
44:ecmascript-6:66712674:0:0:27:False:2021-03-19
45:ecmascript-6:66709243:-1:1:20:False:2021-03-19
46:ecmascript-6:66708566:1:0:104:False:2021-03-19
47:ecmascript-6:66707388:0:0:23:False:2021-03-19
48:ecmascript-6:66705292:0:1:33:False:2021-03-19
49:ecmascript-6:66704337:1:1:64:True:2021-03-19
:tag:id:vote:answer:views:accepted:date
0:ecmascript-6:66703809:-1:2:75:True:2021-03-19
1:ecmascript-6:66702287:0:1:314:True:2021-03-19
2:ecmascript-6:66700724:3:1:983:False:2021-03-18
3:ecmascript-6:66699139:1:2:73:False:2021-03-18
4:ecmascript-6:66696633:0:3:45:True:2021-03-18
5:ecmascript-6:66695219:1:3:49:True:2021-03-18
6:ecmascript-6:66694093:0:1:46:True:2021-03-18
7:ecmascript-6:66692745:1:1:45:False:2021-03-18
8:ecmascript-6:66690946:0:1:106:False:2021-03-18
9:ecmascript-6:66686713:0:2:73:False:2021-03-18
10:ecmascript-6:66683691:0:0:53:False:2021-03-18
11:ecmascript-6:66683444:2:1:110:True:2021-03-18
12:ecmascript-6:66683308:0:1:48:False:2021-03-18
13:ecmascript-6:66680386:0:0:25:False:2021-03-17
14:ecmascript-6:66679759:0:2:52:False:2021-03-17
15:ecmascript-6:66679106:1:1:40:True:2021-03-17
16:ecmascript-6:66678907:1:1:17:True:2021-03-17
17:ecmascript-6:66678640:0:1:19:True:2021-03-17
18:ecmascript-6:66678156:1:2:42:False:2021-03-17
19:ecmascript-6:66672662:0:1:41:False:2021-03-17
20:ecmascript-6:66671389:1:0:29:False:2021-03-17
21:ecmascript-6:66671327:0:1:24:True:2021-03-17
22:ecmascript-6:66670448:0:0:21:False:2021-03-17
23:ecmascript-6:66668863:0:1:98:True:2021-03-17
24:ecmascript-6:66656548:-1:1:43:True:2021-03-16
25:ecmascript-6:66651185:2:1:55:False:2021-03-16
26:ecmascript-6:66650221:1:1:18:False:2021-03-16
27:ecmascript-6:66650196:1:1:69:True:2021-03-16
28:ecmascript-6:66649623:0:6:2000:True:2021-03-16
29:ecmascript-6:66648852:0:1:77:False:2021-03-16
30:ecmascript-6:66646969:1:1:2000:True:2021-03-15
31:ecmascript-6:66646744:2:0:37:False:2021-03-15
32:ecmascript-6:66644646:0:1:306:True:2021-03-15
33:ecmascript-6:66643266:0:0:72:False:2021-03-15
34:ecmascript-6:66643044:0:3:54:True:2021-03-15
35:ecmascript-6:66635686:0:1:55:True:2021-03-15
36:ecmascript-6:66634632:0:2:24:False:2021-03-15
37:ecmascript-6:66633718:0:0:37:False:2021-03-15
38:ecmascript-6:66632685:1:1:237:True:2021-03-15
39:ecmascript-6:66631992:1:1:56:True:2021-03-15
40:ecmascript-6:66630400:0:0:20:False:2021-03-14
41:ecmascript-6:66630326:0:1:24:True:2021-03-14
42:ecmascript-6:66628908:1:1:147:True:2021-03-14
43:ecmascript-6:66628136:2:1:76:True:2021-03-14
44:ecmascript-6:66622118:2:1:150:True:2021-03-14
45:ecmascript-6:66620730:1:2:41:True:2021-03-14
46:ecmascript-6:66619437:0:1:44:True:2021-03-13
47:ecmascript-6:66617958:1:1:104:False:2021-03-13
48:ecmascript-6:66617874:0:3:29:True:2021-03-13
49:ecmascript-6:66616416:0:3:65:False:2021-03-13
:tag:id:vote:answer:views:accepted:date
0:ecmascript-6:66615124:0:2:28:True:2021-03-13
1:ecmascript-6:66613787:0:0:32:False:2021-03-13
2:ecmascript-6:66610068:3:1:110:False:2021-03-13
3:ecmascript-6:66606085:0:0:7:False:2021-03-12
4:ecmascript-6:66605580:0:0:35:False:2021-03-12
5:ecmascript-6:66603534:0:1:113:True:2021-03-12
6:ecmascript-6:66601543:1:2:45:False:2021-03-12
7:ecmascript-6:66599374:0:2:30:False:2021-03-12
8:ecmascript-6:66596568:1:3:106:True:2021-03-12
9:ecmascript-6:66596398:1:1:69:True:2021-03-12
10:ecmascript-6:66595093:0:0:77:False:2021-03-12
11:ecmascript-6:66594786:0:0:52:False:2021-03-12
12:ecmascript-6:66592943:0:3:62:True:2021-03-12
13:ecmascript-6:66592846:0:1:98:True:2021-03-12
14:ecmascript-6:66589469:0:3:37:True:2021-03-11
15:ecmascript-6:66589405:1:1:38:True:2021-03-11
16:ecmascript-6:66583269:2:1:54:True:2021-03-11
17:ecmascript-6:66582653:0:1:62:False:2021-03-11
18:ecmascript-6:66581044:0:2:136:True:2021-03-11
19:ecmascript-6:66577993:0:1:85:False:2021-03-11
20:ecmascript-6:66576809:0:0:31:False:2021-03-11
21:ecmascript-6:66576214:1:1:48:True:2021-03-11
22:ecmascript-6:66573658:0:1:24:True:2021-03-10
23:ecmascript-6:66565671:2:3:808:True:2021-03-10
24:ecmascript-6:66565426:0:3:54:False:2021-03-10
25:ecmascript-6:66563570:-1:1:37:True:2021-03-10
26:ecmascript-6:66562272:-2:1:77:True:2021-03-10
27:ecmascript-6:66559154:0:2:59:True:2021-03-10
28:ecmascript-6:66558979:-1:1:45:False:2021-03-10
29:ecmascript-6:66558053:-1:1:59:False:2021-03-10
30:ecmascript-6:66556972:0:1:582:True:2021-03-10
31:ecmascript-6:66553916:0:0:43:False:2021-03-09
32:ecmascript-6:66551080:0:2:37:False:2021-03-09
33:ecmascript-6:66548397:0:2:32:True:2021-03-09
34:ecmascript-6:66548165:3:1:56:True:2021-03-09
35:ecmascript-6:66542703:0:1:54:False:2021-03-09
36:ecmascript-6:66540963:0:0:14:False:2021-03-09
37:ecmascript-6:66540193:0:0:33:False:2021-03-09
38:ecmascript-6:66539590:-1:1:61:False:2021-03-09
39:ecmascript-6:66538282:0:2:40:True:2021-03-08
40:ecmascript-6:66538168:-2:2:47:True:2021-03-08
41:ecmascript-6:66537458:0:2:49:True:2021-03-08
42:ecmascript-6:66536730:0:2:57:True:2021-03-08
43:ecmascript-6:66534230:2:4:625:False:2021-03-08
44:ecmascript-6:66533944:0:2:212:True:2021-03-08
45:ecmascript-6:66529400:0:1:34:True:2021-03-08
46:ecmascript-6:66528587:0:3:72:True:2021-03-08
47:ecmascript-6:66528185:2:1:60:True:2021-03-08
48:ecmascript-6:66524009:0:0:75:False:2021-03-08
49:ecmascript-6:66523415:1:0:74:False:2021-03-08
:tag:id:vote:answer:views:accepted:date
0:ecmascript-6:66522577:-3:1:40:True:2021-03-07
1:ecmascript-6:66521381:0:1:39:False:2021-03-07
2:ecmascript-6:66512559:0:2:36:False:2021-03-07
3:ecmascript-6:66510460:0:0:9:False:2021-03-06
4:ecmascript-6:66508616:16:1:18000:True:2021-03-06
5:ecmascript-6:66506863:0:3:51:False:2021-03-06
6:ecmascript-6:66505287:2:1:29:False:2021-03-06
7:ecmascript-6:66504342:0:1:37:True:2021-03-06
8:ecmascript-6:66502994:0:0:21:False:2021-03-06
9:ecmascript-6:66501542:0:1:53:True:2021-03-06
10:ecmascript-6:66496978:1:1:315:False:2021-03-05
11:ecmascript-6:66495249:1:1:46:True:2021-03-05
12:ecmascript-6:66488122:0:0:51:False:2021-03-05
13:ecmascript-6:66478529:0:1:117:False:2021-03-04
14:ecmascript-6:66478291:0:3:36:False:2021-03-04
15:ecmascript-6:66477262:0:1:889:True:2021-03-04
16:ecmascript-6:66474597:0:1:29:False:2021-03-04
17:ecmascript-6:66472456:0:2:83:True:2021-03-04
18:ecmascript-6:66471502:1:2:31:True:2021-03-04
19:ecmascript-6:66461760:1:5:57:True:2021-03-03
20:ecmascript-6:66460942:0:2:20:True:2021-03-03
21:ecmascript-6:66459764:0:0:13:False:2021-03-03
22:ecmascript-6:66458591:0:1:66:True:2021-03-03
23:ecmascript-6:66458014:1:2:68:False:2021-03-03
24:ecmascript-6:66456749:0:3:84:True:2021-03-03
25:ecmascript-6:66456552:0:3:44:True:2021-03-03
26:ecmascript-6:66453574:2:3:39:False:2021-03-03
27:ecmascript-6:66452925:0:2:467:False:2021-03-03
28:ecmascript-6:66452143:0:0:74:False:2021-03-03
29:ecmascript-6:66450390:0:0:24:False:2021-03-03
30:ecmascript-6:66449797:1:1:66:True:2021-03-03
31:ecmascript-6:66449438:1:1:156:True:2021-03-03
32:ecmascript-6:66442693:0:2:51:False:2021-03-02
33:ecmascript-6:66439773:0:0:20:False:2021-03-02
34:ecmascript-6:66437786:0:1:32:True:2021-03-02
35:ecmascript-6:66436977:0:1:170:True:2021-03-02
36:ecmascript-6:66436705:-1:1:40:True:2021-03-02
37:ecmascript-6:66436338:0:2:74:True:2021-03-02
38:ecmascript-6:66435332:0:1:172:False:2021-03-02
39:ecmascript-6:66430499:2:0:166:False:2021-03-01
40:ecmascript-6:66430007:0:1:90:True:2021-03-01
41:ecmascript-6:66426075:0:0:58:False:2021-03-01
42:ecmascript-6:66424966:-2:2:41:False:2021-03-01
43:ecmascript-6:66424401:0:0:30:False:2021-03-01
44:ecmascript-6:66422498:0:1:56:True:2021-03-01
45:ecmascript-6:66421801:2:2:53:True:2021-03-01
46:ecmascript-6:66419490:0:0:15:False:2021-03-01
47:ecmascript-6:66419409:0:1:40:True:2021-03-01
48:ecmascript-6:66417912:0:0:24:False:2021-03-01
49:ecmascript-6:66416862:3:1:182:True:2021-03-01
:tag:id:vote:answer:views:accepted:date
0:ecmascript-6:66416846:1:2:85:True:2021-03-01
1:ecmascript-6:66414980:0:0:26:False:2021-02-28
2:ecmascript-6:66413700:0:2:172:False:2021-02-28
3:ecmascript-6:66410965:0:2:86:False:2021-02-28
4:ecmascript-6:66410933:0:0:104:False:2021-02-28
5:ecmascript-6:66409481:1:1:32:True:2021-02-28
6:ecmascript-6:66407420:0:2:69:True:2021-02-28
7:ecmascript-6:66407237:2:2:61:False:2021-02-28
8:ecmascript-6:66406891:0:0:33:False:2021-02-28
9:ecmascript-6:66402157:1:1:55:False:2021-02-27
10:ecmascript-6:66402107:0:0:8:False:2021-02-27
11:ecmascript-6:66399106:0:0:23:False:2021-02-27
12:ecmascript-6:66393630:-1:1:43:True:2021-02-26
13:ecmascript-6:66392253:2:0:78:False:2021-02-26
14:ecmascript-6:66389759:0:2:53:False:2021-02-26
15:ecmascript-6:66388043:0:2:28:True:2021-02-26
16:ecmascript-6:66387516:-1:3:52:True:2021-02-26
17:ecmascript-6:66387057:1:2:287:True:2021-02-26
18:ecmascript-6:66384047:0:1:66:False:2021-02-26
19:ecmascript-6:66383861:-1:2:222:True:2021-02-26
20:ecmascript-6:66378682:2:2:382:True:2021-02-26
21:ecmascript-6:66373259:1:1:44:True:2021-02-25
22:ecmascript-6:66371509:0:1:56:True:2021-02-25
23:ecmascript-6:66368081:0:1:35:False:2021-02-25
24:ecmascript-6:66366213:3:0:58:False:2021-02-25
25:ecmascript-6:66364537:0:2:52:True:2021-02-25
26:ecmascript-6:66356227:1:2:35:False:2021-02-24
27:ecmascript-6:66354736:0:1:276:False:2021-02-24
28:ecmascript-6:66352897:0:2:43:False:2021-02-24
29:ecmascript-6:66352020:1:2:83:True:2021-02-24
30:ecmascript-6:66349787:0:0:298:False:2021-02-24
31:ecmascript-6:66346986:0:1:34:True:2021-02-24
32:ecmascript-6:66346798:0:0:24:False:2021-02-24
33:ecmascript-6:66344546:1:2:256:True:2021-02-24
34:ecmascript-6:66343955:0:0:38:False:2021-02-24
35:ecmascript-6:66343416:3:1:70:True:2021-02-24
36:ecmascript-6:66334483:-1:1:36:False:2021-02-23
37:ecmascript-6:66332228:2:2:121:True:2021-02-23
38:ecmascript-6:66331185:-1:1:77:False:2021-02-23
39:ecmascript-6:66329262:0:3:45:False:2021-02-23
40:ecmascript-6:66326617:0:1:81:False:2021-02-23
41:ecmascript-6:66325687:0:1:19:False:2021-02-23
42:ecmascript-6:66323983:-1:3:149:True:2021-02-22
43:ecmascript-6:66323416:0:1:102:True:2021-02-22
44:ecmascript-6:66321994:0:1:38:True:2021-02-22
45:ecmascript-6:66319374:-2:1:36:True:2021-02-22
46:ecmascript-6:66315868:1:1:68:True:2021-02-22
47:ecmascript-6:66315022:2:1:4000:True:2021-02-22
48:ecmascript-6:66312036:1:0:294:False:2021-02-22
49:ecmascript-6:66308607:0:2:32:False:2021-02-22
:tag:id:vote:answer:views:accepted:date
0:ecmascript-6:66306291:0:1:20:False:2021-02-21
1:ecmascript-6:66304543:0:0:28:False:2021-02-21
2:ecmascript-6:66303773:-1:2:63:True:2021-02-21
3:ecmascript-6:66303088:1:1:28:True:2021-02-21
4:ecmascript-6:66302500:1:1:81:True:2021-02-21
5:ecmascript-6:66300037:3:2:101:True:2021-02-21
6:ecmascript-6:66298907:1:0:46:False:2021-02-21
7:ecmascript-6:66298505:0:1:63:True:2021-02-21
8:ecmascript-6:66296518:1:1:108:False:2021-02-20
9:ecmascript-6:66296057:6:1:520:True:2021-02-20
10:ecmascript-6:66295053:0:1:52:False:2021-02-20
11:ecmascript-6:66292173:0:1:116:True:2021-02-20
12:ecmascript-6:66290390:0:1:57:True:2021-02-20
13:ecmascript-6:66288014:0:1:34:False:2021-02-20
14:ecmascript-6:66286977:1:0:132:False:2021-02-20
15:ecmascript-6:66286155:0:2:28:False:2021-02-19
16:ecmascript-6:66283830:1:5:60:False:2021-02-19
17:ecmascript-6:66282275:4:1:34:True:2021-02-19
18:ecmascript-6:66280484:-2:1:59:True:2021-02-19
19:ecmascript-6:66279757:-1:1:55:True:2021-02-19
20:ecmascript-6:66278480:0:1:72:False:2021-02-19
21:ecmascript-6:66278054:-1:2:49:False:2021-02-19
22:ecmascript-6:66276763:0:1:39:False:2021-02-19
23:ecmascript-6:66272675:2:3:303:False:2021-02-19
24:ecmascript-6:66269969:2:2:413:False:2021-02-19
25:ecmascript-6:66268958:0:1:37:True:2021-02-18
26:ecmascript-6:66268268:0:3:28:True:2021-02-18
27:ecmascript-6:66267915:1:0:54:False:2021-02-18
28:ecmascript-6:66263689:0:3:108:True:2021-02-18
29:ecmascript-6:66263427:0:0:27:False:2021-02-18
30:ecmascript-6:66263085:0:1:238:False:2021-02-18
31:ecmascript-6:66261113:0:0:46:False:2021-02-18
32:ecmascript-6:66255578:0:2:37:False:2021-02-18
33:ecmascript-6:66250816:0:1:22:False:2021-02-17
34:ecmascript-6:66250274:0:0:55:False:2021-02-17
35:ecmascript-6:66248026:0:1:14:True:2021-02-17
36:ecmascript-6:66247077:2:1:80:False:2021-02-17
37:ecmascript-6:66244664:2:2:67:False:2021-02-17
38:ecmascript-6:66242495:1:4:43:False:2021-02-17
39:ecmascript-6:66240247:0:2:77:True:2021-02-17
40:ecmascript-6:66238525:1:2:39:True:2021-02-17
41:ecmascript-6:66235605:1:2:476:False:2021-02-17
42:ecmascript-6:66234377:1:1:54:True:2021-02-17
43:ecmascript-6:66233871:-1:1:62:False:2021-02-16
44:ecmascript-6:66233816:0:1:26:True:2021-02-16
45:ecmascript-6:66233283:0:1:41:False:2021-02-16
46:ecmascript-6:66229392:1:0:38:False:2021-02-16
47:ecmascript-6:66228151:1:1:35:True:2021-02-16
48:ecmascript-6:66227988:1:2:58:True:2021-02-16
49:ecmascript-6:66227104:2:1:132:True:2021-02-16
:tag:id:vote:answer:views:accepted:date
0:ecmascript-6:66227099:0:1:28:True:2021-02-16
1:ecmascript-6:66226714:0:1:114:False:2021-02-16
2:ecmascript-6:66226092:2:1:469:True:2021-02-16
3:ecmascript-6:66224397:0:0:17:False:2021-02-16
4:ecmascript-6:66223803:2:1:82:True:2021-02-16
5:ecmascript-6:66220618:1:4:76:True:2021-02-16
6:ecmascript-6:66219268:-5:4:56:True:2021-02-16
7:ecmascript-6:66216512:1:1:35:True:2021-02-15
8:ecmascript-6:66214225:1:1:130:True:2021-02-15
9:ecmascript-6:66211503:0:1:56:False:2021-02-15
10:ecmascript-6:66209649:-2:1:51:False:2021-02-15
11:ecmascript-6:66209355:2:3:314:True:2021-02-15
12:ecmascript-6:66208778:0:2:52:True:2021-02-15
13:ecmascript-6:66207396:2:2:55:True:2021-02-15
14:ecmascript-6:66206075:14:6:2000:True:2021-02-15
15:ecmascript-6:66205484:2:1:267:True:2021-02-15
16:ecmascript-6:66203147:-1:1:23:False:2021-02-15
17:ecmascript-6:66201957:1:3:122:True:2021-02-15
18:ecmascript-6:66198571:0:2:270:False:2021-02-14
19:ecmascript-6:66197235:0:1:188:True:2021-02-14
20:ecmascript-6:66191451:0:1:30:True:2021-02-14
21:ecmascript-6:66190571:9:3:371:True:2021-02-13
22:ecmascript-6:66190269:0:1:45:False:2021-02-13
23:ecmascript-6:66186584:0:2:212:False:2021-02-13
24:ecmascript-6:66180053:2:1:39:True:2021-02-12
25:ecmascript-6:66179762:-1:4:26:True:2021-02-12
26:ecmascript-6:66178851:1:1:145:False:2021-02-12
27:ecmascript-6:66178319:-2:2:38:True:2021-02-12
28:ecmascript-6:66176412:4:2:2000:True:2021-02-12
29:ecmascript-6:66174575:0:0:26:False:2021-02-12
30:ecmascript-6:66173900:0:0:10:False:2021-02-12
31:ecmascript-6:66172316:1:0:70:False:2021-02-12
32:ecmascript-6:66171440:0:1:35:True:2021-02-12
33:ecmascript-6:66171276:0:0:18:False:2021-02-12
34:ecmascript-6:66167945:0:0:209:False:2021-02-12
35:ecmascript-6:66166036:0:1:33:False:2021-02-12
36:ecmascript-6:66161751:-1:1:24:True:2021-02-11
37:ecmascript-6:66161492:-1:1:78:False:2021-02-11
38:ecmascript-6:66160410:0:0:73:False:2021-02-11
39:ecmascript-6:66160310:-1:1:54:True:2021-02-11
40:ecmascript-6:66159048:0:1:205:True:2021-02-11
41:ecmascript-6:66156978:0:0:27:False:2021-02-11
42:ecmascript-6:66156506:0:3:26:True:2021-02-11
43:ecmascript-6:66155823:1:2:51:False:2021-02-11
44:ecmascript-6:66154660:0:1:75:True:2021-02-11
45:ecmascript-6:66153477:0:0:43:False:2021-02-11
46:ecmascript-6:66153008:1:5:100:True:2021-02-11
47:ecmascript-6:66150624:0:0:55:False:2021-02-11
48:ecmascript-6:66147442:0:1:167:False:2021-02-11
49:ecmascript-6:66140459:0:2:46:True:2021-02-10
:tag:id:vote:answer:views:accepted:date
0:ecmascript-6:66133505:1:0:108:False:2021-02-10
1:ecmascript-6:66132556:1:2:63:True:2021-02-10
2:ecmascript-6:66129278:0:0:108:False:2021-02-10
3:ecmascript-6:66128768:0:1:173:True:2021-02-09
4:ecmascript-6:66127705:0:0:19:False:2021-02-09
5:ecmascript-6:66121822:-1:1:46:False:2021-02-09
6:ecmascript-6:66121407:2:1:39:True:2021-02-09
7:ecmascript-6:66119570:0:0:59:False:2021-02-09
8:ecmascript-6:66119452:0:0:60:False:2021-02-09
9:ecmascript-6:66119303:0:0:30:False:2021-02-09
10:ecmascript-6:66116091:0:3:59:False:2021-02-09
11:ecmascript-6:66112270:0:1:47:False:2021-02-09
12:ecmascript-6:66112048:0:1:118:True:2021-02-09
13:ecmascript-6:66110757:-1:3:56:False:2021-02-08
14:ecmascript-6:66110416:0:1:22:False:2021-02-08
15:ecmascript-6:66107250:0:0:55:False:2021-02-08
16:ecmascript-6:66107127:-2:1:35:True:2021-02-08
17:ecmascript-6:66106776:10:5:8000:False:2021-02-08
18:ecmascript-6:66103296:2:0:141:False:2021-02-08
19:ecmascript-6:66101383:2:2:175:True:2021-02-08
20:ecmascript-6:66089421:0:1:693:True:2021-02-07
21:ecmascript-6:66087944:0:1:48:True:2021-02-07
22:ecmascript-6:66086673:1:5:492:True:2021-02-07
23:ecmascript-6:66085222:1:3:124:True:2021-02-07
24:ecmascript-6:66083897:-1:1:81:True:2021-02-07
25:ecmascript-6:66082229:0:1:108:False:2021-02-06
26:ecmascript-6:66080610:0:0:125:False:2021-02-06
27:ecmascript-6:66079277:0:0:18:False:2021-02-06
28:ecmascript-6:66078017:-1:1:55:False:2021-02-06
29:ecmascript-6:66077906:0:0:25:False:2021-02-06
30:ecmascript-6:66076799:0:0:28:False:2021-02-06
31:ecmascript-6:66073793:2:1:115:True:2021-02-06
32:ecmascript-6:66072181:-1:1:30:True:2021-02-05
33:ecmascript-6:66071070:0:2:323:True:2021-02-05
34:ecmascript-6:66069490:1:1:61:True:2021-02-05
35:ecmascript-6:66066677:0:1:35:False:2021-02-05
36:ecmascript-6:66066243:1:2:72:True:2021-02-05
37:ecmascript-6:66062724:1:1:41:False:2021-02-05
38:ecmascript-6:66062599:0:0:24:False:2021-02-05
39:ecmascript-6:66062257:1:2:288:True:2021-02-05
40:ecmascript-6:66059824:1:2:51:True:2021-02-05
41:ecmascript-6:66058478:-1:1:58:True:2021-02-05
42:ecmascript-6:66057025:-1:1:884:True:2021-02-05
43:ecmascript-6:66056415:1:1:250:True:2021-02-05
44:ecmascript-6:66054333:0:2:68:True:2021-02-04
45:ecmascript-6:66054016:0:2:34:False:2021-02-04
46:ecmascript-6:66050989:3:2:5000:True:2021-02-04
47:ecmascript-6:66050829:1:2:34:True:2021-02-04
48:ecmascript-6:66048262:0:2:35:True:2021-02-04
49:ecmascript-6:66047659:1:2:48:True:2021-02-04
:tag:id:vote:answer:views:accepted:date
0:ecmascript-6:66044854:-1:3:64:True:2021-02-04
1:ecmascript-6:66043475:6:1:202:True:2021-02-04
2:ecmascript-6:66042893:-4:2:117:False:2021-02-04
3:ecmascript-6:66039241:1:1:196:True:2021-02-04
4:ecmascript-6:66038397:0:3:115:True:2021-02-04
5:ecmascript-6:66038019:0:2:58:False:2021-02-04
6:ecmascript-6:66034858:0:1:30:True:2021-02-03
7:ecmascript-6:66034584:1:2:51:True:2021-02-03
8:ecmascript-6:66034156:0:1:43:True:2021-02-03
9:ecmascript-6:66033412:0:1:45:False:2021-02-03
10:ecmascript-6:66032786:2:1:75:False:2021-02-03
11:ecmascript-6:66029462:-2:3:119:True:2021-02-03
12:ecmascript-6:66028696:0:0:26:False:2021-02-03
13:ecmascript-6:66027789:0:2:52:True:2021-02-03
14:ecmascript-6:66027213:0:1:154:True:2021-02-03
15:ecmascript-6:66023015:1:2:525:False:2021-02-03
16:ecmascript-6:66020932:1:1:251:True:2021-02-03
17:ecmascript-6:66020409:0:1:38:True:2021-02-03
18:ecmascript-6:66018511:1:1:45:True:2021-02-02
19:ecmascript-6:66016831:0:2:46:False:2021-02-02
20:ecmascript-6:66016775:0:3:23:True:2021-02-02
21:ecmascript-6:66016328:2:1:52:False:2021-02-02
22:ecmascript-6:66012604:0:0:47:False:2021-02-02
23:ecmascript-6:66012585:0:0:22:False:2021-02-02
24:ecmascript-6:66012455:0:0:66:False:2021-02-02
25:ecmascript-6:66011806:1:2:50:False:2021-02-02
26:ecmascript-6:66010129:0:2:70:True:2021-02-02
27:ecmascript-6:66008880:0:0:10:False:2021-02-02
28:ecmascript-6:66008805:1:4:165:True:2021-02-02
29:ecmascript-6:66008295:0:1:70:False:2021-02-02
30:ecmascript-6:66008259:0:0:35:False:2021-02-02
31:ecmascript-6:66005547:1:0:30:False:2021-02-02
32:ecmascript-6:66004169:0:3:71:False:2021-02-02
33:ecmascript-6:66004055:2:2:39:True:2021-02-02
34:ecmascript-6:66001651:0:1:55:False:2021-02-01
35:ecmascript-6:66000962:1:1:257:True:2021-02-01
36:ecmascript-6:65999594:0:1:340:True:2021-02-01
37:ecmascript-6:65998403:1:0:144:False:2021-02-01
38:ecmascript-6:65997192:-1:1:96:True:2021-02-01
39:ecmascript-6:65995188:0:0:22:False:2021-02-01
40:ecmascript-6:65995118:3:1:452:True:2021-02-01
41:ecmascript-6:65993470:0:1:82:True:2021-02-01
42:ecmascript-6:65993186:0:1:56:False:2021-02-01
43:ecmascript-6:65992128:0:1:44:False:2021-02-01
44:ecmascript-6:65988840:1:1:39:True:2021-02-01
45:ecmascript-6:65984410:1:1:56:False:2021-01-31
46:ecmascript-6:65981583:0:0:47:False:2021-01-31
47:ecmascript-6:65980510:0:2:42:True:2021-01-31
48:ecmascript-6:65974309:0:0:137:False:2021-01-30
49:ecmascript-6:65973532:1:2:41:True:2021-01-30
:tag:id:vote:answer:views:accepted:date
0:ecmascript-6:65971510:0:0:71:False:2021-01-30
1:ecmascript-6:65969191:-1:1:63:True:2021-01-30
2:ecmascript-6:65967832:0:1:818:True:2021-01-30
3:ecmascript-6:65966965:0:2:49:True:2021-01-30
4:ecmascript-6:65962645:0:1:26:False:2021-01-29
5:ecmascript-6:65961560:0:1:27:True:2021-01-29
6:ecmascript-6:65959930:0:0:23:False:2021-01-29
7:ecmascript-6:65958799:0:0:30:False:2021-01-29
8:ecmascript-6:65958751:1:2:2000:True:2021-01-29
9:ecmascript-6:65957217:0:0:18:False:2021-01-29
10:ecmascript-6:65954725:0:2:27:True:2021-01-29
11:ecmascript-6:65951182:0:0:68:False:2021-01-29
12:ecmascript-6:65951160:1:2:108:True:2021-01-29
13:ecmascript-6:65947720:1:2:43:True:2021-01-29
14:ecmascript-6:65946636:0:0:16:False:2021-01-28
15:ecmascript-6:65944647:0:4:51:False:2021-01-28
16:ecmascript-6:65942498:1:4:52:False:2021-01-28
17:ecmascript-6:65939534:0:1:45:False:2021-01-28
18:ecmascript-6:65938931:0:0:43:False:2021-01-28
19:ecmascript-6:65937934:0:0:22:False:2021-01-28
20:ecmascript-6:65937419:0:1:63:True:2021-01-28
21:ecmascript-6:65936442:1:0:34:False:2021-01-28
22:ecmascript-6:65935319:0:2:119:True:2021-01-28
23:ecmascript-6:65931823:2:5:1000:True:2021-01-28
24:ecmascript-6:65931557:2:1:709:True:2021-01-28
25:ecmascript-6:65931521:0:1:40:True:2021-01-28
26:ecmascript-6:65930558:3:5:153:True:2021-01-28
27:ecmascript-6:65927967:0:1:47:True:2021-01-27
28:ecmascript-6:65927728:0:1:47:True:2021-01-27
29:ecmascript-6:65925635:0:2:49:False:2021-01-27
30:ecmascript-6:65924063:1:1:98:True:2021-01-27
31:ecmascript-6:65923783:0:1:29:True:2021-01-27
32:ecmascript-6:65920299:0:0:74:False:2021-01-27
33:ecmascript-6:65919014:0:2:54:False:2021-01-27
34:ecmascript-6:65917632:0:2:53:True:2021-01-27
35:ecmascript-6:65912743:2:1:175:False:2021-01-27
36:ecmascript-6:65912517:0:1:50:False:2021-01-27
37:ecmascript-6:65908233:0:1:48:False:2021-01-26
38:ecmascript-6:65908209:1:1:41:False:2021-01-26
39:ecmascript-6:65902507:0:1:63:True:2021-01-26
40:ecmascript-6:65896904:0:0:104:False:2021-01-26
41:ecmascript-6:65896711:1:0:67:False:2021-01-26
42:ecmascript-6:65895123:-1:3:54:False:2021-01-26
43:ecmascript-6:65894591:0:1:56:True:2021-01-26
44:ecmascript-6:65887976:2:1:46:True:2021-01-25
45:ecmascript-6:65883755:0:1:35:True:2021-01-25
46:ecmascript-6:65883659:0:2:42:True:2021-01-25
47:ecmascript-6:65882564:-2:1:44:False:2021-01-25
48:ecmascript-6:65881217:0:1:450:True:2021-01-25
49:ecmascript-6:65875628:-2:1:29:False:2021-01-24
:tag:id:vote:answer:views:accepted:date
0:ecmascript-6:65875293:0:2:41:True:2021-01-24
1:ecmascript-6:65871180:5:3:245:True:2021-01-24
2:ecmascript-6:65871026:7:1:120:True:2021-01-24
3:ecmascript-6:65863265:0:1:53:True:2021-01-23
4:ecmascript-6:65860762:0:1:35:True:2021-01-23
5:ecmascript-6:65860027:0:0:60:False:2021-01-23
6:ecmascript-6:65855232:0:1:30:False:2021-01-23
7:ecmascript-6:65854414:0:1:60:True:2021-01-23
8:ecmascript-6:65853819:1:0:72:False:2021-01-22
9:ecmascript-6:65852919:1:0:52:False:2021-01-22
10:ecmascript-6:65850776:-2:2:27:False:2021-01-22
11:ecmascript-6:65848510:2:2:304:True:2021-01-22
12:ecmascript-6:65844891:0:0:18:False:2021-01-22
13:ecmascript-6:65843661:0:1:52:False:2021-01-22
14:ecmascript-6:65841747:0:2:47:True:2021-01-22
15:ecmascript-6:65839531:0:1:27:True:2021-01-22
16:ecmascript-6:65839486:1:3:132:True:2021-01-22
17:ecmascript-6:65838433:0:0:23:False:2021-01-22
18:ecmascript-6:65838405:-4:1:41:False:2021-01-22
19:ecmascript-6:65838133:-1:2:108:True:2021-01-22
20:ecmascript-6:65837959:0:1:54:False:2021-01-22
21:ecmascript-6:65836453:0:1:36:True:2021-01-21
22:ecmascript-6:65834498:0:0:26:False:2021-01-21
23:ecmascript-6:65832837:0:2:27:False:2021-01-21
24:ecmascript-6:65830412:0:1:255:False:2021-01-21
25:ecmascript-6:65829125:-1:1:29:False:2021-01-21
26:ecmascript-6:65829081:-3:2:44:False:2021-01-21
27:ecmascript-6:65828900:1:0:51:False:2021-01-21
28:ecmascript-6:65825902:0:0:58:False:2021-01-21
29:ecmascript-6:65824718:-1:2:64:True:2021-01-21
30:ecmascript-6:65824112:0:0:44:False:2021-01-21
31:ecmascript-6:65821680:1:2:60:True:2021-01-21
32:ecmascript-6:65820485:2:1:55:False:2021-01-21
33:ecmascript-6:65820279:0:3:47:True:2021-01-21
34:ecmascript-6:65807697:1:1:378:False:2021-01-20
35:ecmascript-6:65807263:2:3:53:True:2021-01-20
36:ecmascript-6:65804513:2:1:50:True:2021-01-20
37:ecmascript-6:65803022:3:2:156:True:2021-01-20
38:ecmascript-6:65800664:0:4:63:True:2021-01-19
39:ecmascript-6:65800013:0:1:79:False:2021-01-19
40:ecmascript-6:65799419:0:1:52:True:2021-01-19
41:ecmascript-6:65798301:1:3:295:True:2021-01-19
42:ecmascript-6:65797664:-1:1:51:True:2021-01-19
43:ecmascript-6:65796059:0:1:374:True:2021-01-19
44:ecmascript-6:65793787:0:0:23:False:2021-01-19
45:ecmascript-6:65791379:-3:1:64:False:2021-01-19
46:ecmascript-6:65791278:0:0:32:False:2021-01-19
47:ecmascript-6:65789781:0:0:21:False:2021-01-19
48:ecmascript-6:65784805:0:1:48:False:2021-01-19
49:ecmascript-6:65782611:2:4:74:True:2021-01-18
:tag:id:vote:answer:views:accepted:date
0:ecmascript-6:65782246:-2:2:46:True:2021-01-18
1:ecmascript-6:65780517:0:1:73:True:2021-01-18
2:ecmascript-6:65779382:0:2:48:True:2021-01-18
3:ecmascript-6:65772740:0:1:121:True:2021-01-18
4:ecmascript-6:65760021:0:1:346:True:2021-01-17
5:ecmascript-6:65759746:-2:2:36:True:2021-01-17
6:ecmascript-6:65756796:0:1:200:True:2021-01-17
7:ecmascript-6:65755745:0:2:53:True:2021-01-16
8:ecmascript-6:65755011:1:1:167:True:2021-01-16
9:ecmascript-6:65754136:-1:4:44:True:2021-01-16
10:ecmascript-6:65751898:0:0:76:False:2021-01-16
11:ecmascript-6:65750376:-2:4:74:False:2021-01-16
12:ecmascript-6:65748609:-1:3:73:True:2021-01-16
13:ecmascript-6:65747477:5:1:90:True:2021-01-16
14:ecmascript-6:65747259:-1:4:256:False:2021-01-16
15:ecmascript-6:65746322:0:1:196:False:2021-01-16
16:ecmascript-6:65745890:0:6:106:True:2021-01-16
17:ecmascript-6:65745221:0:1:26:True:2021-01-16
18:ecmascript-6:65744688:0:1:67:False:2021-01-15
19:ecmascript-6:65744450:0:0:46:False:2021-01-15
20:ecmascript-6:65742934:0:3:78:False:2021-01-15
21:ecmascript-6:65741966:-1:6:82:False:2021-01-15
22:ecmascript-6:65741166:0:0:38:False:2021-01-15
23:ecmascript-6:65738581:1:1:44:True:2021-01-15
24:ecmascript-6:65737666:0:1:62:True:2021-01-15
25:ecmascript-6:65736820:-2:1:36:True:2021-01-15
26:ecmascript-6:65734126:1:1:41:False:2021-01-15
27:ecmascript-6:65732368:1:3:144:True:2021-01-15
28:ecmascript-6:65729594:0:0:44:False:2021-01-15
29:ecmascript-6:65727730:1:1:55:True:2021-01-14
30:ecmascript-6:65726222:-1:3:97:False:2021-01-14
31:ecmascript-6:65724142:0:0:22:False:2021-01-14
32:ecmascript-6:65722618:1:2:132:True:2021-01-14
33:ecmascript-6:65722486:0:0:68:False:2021-01-14
34:ecmascript-6:65721558:1:1:81:False:2021-01-14
35:ecmascript-6:65721253:2:2:1000:False:2021-01-14
36:ecmascript-6:65721036:0:2:53:False:2021-01-14
37:ecmascript-6:65720428:-1:1:37:False:2021-01-14
38:ecmascript-6:65719238:-1:1:1000:True:2021-01-14
39:ecmascript-6:65717541:0:2:64:True:2021-01-14
40:ecmascript-6:65712177:0:1:445:False:2021-01-14
41:ecmascript-6:65712120:-2:1:176:False:2021-01-14
42:ecmascript-6:65710475:0:2:39:False:2021-01-13
43:ecmascript-6:65706619:0:3:40:True:2021-01-13
44:ecmascript-6:65705721:0:1:172:True:2021-01-13
45:ecmascript-6:65705297:0:1:203:True:2021-01-13
46:ecmascript-6:65705265:0:1:71:True:2021-01-13
47:ecmascript-6:65703002:0:1:80:True:2021-01-13
48:ecmascript-6:65701564:0:1:34:True:2021-01-13
49:ecmascript-6:65697081:0:3:52:True:2021-01-13
:tag:id:vote:answer:views:accepted:date
0:ecmascript-6:65692836:-1:1:99:True:2021-01-12
1:ecmascript-6:65687488:0:2:128:True:2021-01-12
2:ecmascript-6:65686852:-3:2:50:True:2021-01-12
3:ecmascript-6:65685380:-1:2:40:False:2021-01-12
4:ecmascript-6:65679053:2:1:323:True:2021-01-12
5:ecmascript-6:65676714:2:1:76:True:2021-01-12
6:ecmascript-6:65674710:0:1:25:True:2021-01-11
7:ecmascript-6:65674220:-2:4:62:True:2021-01-11
8:ecmascript-6:65673512:0:0:116:False:2021-01-11
9:ecmascript-6:65672836:0:1:17:False:2021-01-11
10:ecmascript-6:65669444:-1:1:139:True:2021-01-11
11:ecmascript-6:65666100:0:1:101:True:2021-01-11
12:ecmascript-6:65659584:0:4:54:True:2021-01-10
13:ecmascript-6:65657441:2:1:38:True:2021-01-10
14:ecmascript-6:65656591:1:1:34:True:2021-01-10
15:ecmascript-6:65656104:3:2:271:True:2021-01-10
16:ecmascript-6:65656097:0:1:175:True:2021-01-10
17:ecmascript-6:65654965:0:1:631:True:2021-01-10
18:ecmascript-6:65652166:-2:1:54:False:2021-01-10
19:ecmascript-6:65651552:1:1:59:True:2021-01-10
20:ecmascript-6:65650881:0:1:64:False:2021-01-10
21:ecmascript-6:65644223:-1:1:301:False:2021-01-09
22:ecmascript-6:65640247:0:2:49:False:2021-01-09
23:ecmascript-6:65639431:2:0:75:False:2021-01-09
24:ecmascript-6:65639331:1:0:43:False:2021-01-09
25:ecmascript-6:65637989:0:1:59:True:2021-01-09
26:ecmascript-6:65636870:2:3:43:False:2021-01-08
27:ecmascript-6:65633553:1:3:37:True:2021-01-08
28:ecmascript-6:65632990:-1:3:54:True:2021-01-08
29:ecmascript-6:65632451:1:2:90:True:2021-01-08
30:ecmascript-6:65627852:0:1:56:False:2021-01-08
31:ecmascript-6:65626675:1:1:139:True:2021-01-08
32:ecmascript-6:65626134:0:1:565:True:2021-01-08
33:ecmascript-6:65617615:1:2:92:True:2021-01-07
34:ecmascript-6:65614662:0:2:59:True:2021-01-07
35:ecmascript-6:65613247:0:1:142:True:2021-01-07
36:ecmascript-6:65612505:-3:1:57:True:2021-01-07
37:ecmascript-6:65605889:1:3:169:True:2021-01-07
38:ecmascript-6:65605838:0:1:34:False:2021-01-07
39:ecmascript-6:65604448:0:1:131:True:2021-01-06
40:ecmascript-6:65601862:0:1:32:False:2021-01-06
41:ecmascript-6:65591828:0:2:78:True:2021-01-06
42:ecmascript-6:65590405:0:2:56:False:2021-01-06
43:ecmascript-6:65588363:1:2:63:True:2021-01-06
44:ecmascript-6:65587364:0:1:29:False:2021-01-05
45:ecmascript-6:65584724:0:2:50:False:2021-01-05
46:ecmascript-6:65582832:1:0:30:False:2021-01-05
47:ecmascript-6:65578610:1:0:56:False:2021-01-05
48:ecmascript-6:65576056:1:0:31:False:2021-01-05
49:ecmascript-6:65575283:2:1:41:True:2021-01-05
:tag:id:vote:answer:views:accepted:date
0:ecmascript-6:65571496:0:2:44:True:2021-01-05
1:ecmascript-6:65571240:2:3:52:True:2021-01-04
2:ecmascript-6:65569812:2:1:704:False:2021-01-04
3:ecmascript-6:65568494:-1:1:102:True:2021-01-04
4:ecmascript-6:65567731:0:1:129:False:2021-01-04
5:ecmascript-6:65567680:1:0:176:False:2021-01-04
6:ecmascript-6:65565806:0:1:55:True:2021-01-04
7:ecmascript-6:65565119:0:0:14:False:2021-01-04
8:ecmascript-6:65564507:0:1:48:True:2021-01-04
9:ecmascript-6:65563691:0:0:39:False:2021-01-04
10:ecmascript-6:65560741:-1:1:139:True:2021-01-04
11:ecmascript-6:65554806:0:0:471:False:2021-01-03
12:ecmascript-6:65554799:-2:2:71:False:2021-01-03
13:ecmascript-6:65551239:1:0:51:False:2021-01-03
14:ecmascript-6:65547417:-2:1:38:True:2021-01-03
15:ecmascript-6:65545709:0:1:44:False:2021-01-03
16:ecmascript-6:65545517:2:0:51:False:2021-01-03
17:ecmascript-6:65543968:0:1:33:True:2021-01-02
18:ecmascript-6:65542338:0:0:28:False:2021-01-02
19:ecmascript-6:65541271:0:1:38:True:2021-01-02
20:ecmascript-6:65541254:2:1:348:True:2021-01-02
21:ecmascript-6:65536742:0:2:68:True:2021-01-02
22:ecmascript-6:65536017:0:0:23:False:2021-01-02
23:ecmascript-6:65532058:1:0:51:False:2021-01-01
24:ecmascript-6:65531531:1:3:2000:False:2021-01-01
25:ecmascript-6:65523328:1:0:237:False:2020-12-31
26:ecmascript-6:65518739:0:0:19:False:2020-12-31
27:ecmascript-6:65517843:0:0:276:False:2020-12-31
28:ecmascript-6:65517447:1:5:64:False:2020-12-31
29:ecmascript-6:65512085:0:2:48:True:2020-12-30
30:ecmascript-6:65511321:0:0:176:False:2020-12-30
31:ecmascript-6:65510735:0:1:226:True:2020-12-30
32:ecmascript-6:65509531:1:1:43:True:2020-12-30
33:ecmascript-6:65502356:-1:1:74:True:2020-12-30
34:ecmascript-6:65498800:1:1:124:False:2020-12-29
35:ecmascript-6:65496791:-3:1:37:True:2020-12-29
36:ecmascript-6:65491905:0:4:67:True:2020-12-29
37:ecmascript-6:65490207:0:8:96:True:2020-12-29
38:ecmascript-6:65489257:4:1:153:True:2020-12-29
39:ecmascript-6:65487974:0:1:21:True:2020-12-29
40:ecmascript-6:65482665:-1:1:134:False:2020-12-28
41:ecmascript-6:65482230:1:1:55:True:2020-12-28
42:ecmascript-6:65479202:3:0:85:False:2020-12-28
43:ecmascript-6:65479121:0:3:69:True:2020-12-28
44:ecmascript-6:65478598:0:1:397:False:2020-12-28
45:ecmascript-6:65476842:0:1:31:True:2020-12-28
46:ecmascript-6:65474991:1:3:46:True:2020-12-28
47:ecmascript-6:65474479:1:1:78:True:2020-12-28
48:ecmascript-6:65473576:1:2:97:True:2020-12-28
49:ecmascript-6:65471680:-1:1:268:False:2020-12-28
:tag:id:vote:answer:views:accepted:date
0:ecmascript-6:65470276:0:1:211:False:2020-12-27
1:ecmascript-6:65468317:0:1:48:True:2020-12-27
2:ecmascript-6:65459051:3:0:107:False:2020-12-26
3:ecmascript-6:65451302:1:0:137:False:2020-12-25
4:ecmascript-6:65447645:-4:1:40:False:2020-12-25
5:ecmascript-6:65446457:2:2:208:True:2020-12-25
6:ecmascript-6:65444795:1:1:62:True:2020-12-25
7:ecmascript-6:65442385:0:1:799:False:2020-12-24
8:ecmascript-6:65438893:3:1:69:True:2020-12-24
9:ecmascript-6:65438763:0:1:32:True:2020-12-24
10:ecmascript-6:65436669:5:1:2000:True:2020-12-24
11:ecmascript-6:65434903:2:2:116:False:2020-12-24
12:ecmascript-6:65434185:3:1:161:True:2020-12-24
13:ecmascript-6:65432547:3:1:121:True:2020-12-24
14:ecmascript-6:65431659:0:2:50:False:2020-12-23
15:ecmascript-6:65431240:-2:1:161:True:2020-12-23
16:ecmascript-6:65430108:0:2:77:True:2020-12-23
17:ecmascript-6:65428920:3:0:57:False:2020-12-23
18:ecmascript-6:65425537:0:0:17:False:2020-12-23
19:ecmascript-6:65422904:1:2:66:False:2020-12-23
20:ecmascript-6:65422480:0:3:1000:False:2020-12-23
21:ecmascript-6:65420526:3:2:73:True:2020-12-23
22:ecmascript-6:65417770:0:2:55:False:2020-12-23
23:ecmascript-6:65417261:1:1:48:True:2020-12-22
24:ecmascript-6:65411010:0:3:197:False:2020-12-22
25:ecmascript-6:65409815:1:1:49:True:2020-12-22
26:ecmascript-6:65409646:0:1:158:True:2020-12-22
27:ecmascript-6:65408987:0:4:42:False:2020-12-22
28:ecmascript-6:65407729:1:1:55:True:2020-12-22
29:ecmascript-6:65407691:0:0:44:False:2020-12-22
30:ecmascript-6:65407242:0:1:50:False:2020-12-22
31:ecmascript-6:65406858:-1:1:48:True:2020-12-22
32:ecmascript-6:65406649:2:0:43:False:2020-12-22
33:ecmascript-6:65403568:0:3:59:True:2020-12-22
34:ecmascript-6:65403534:0:1:71:True:2020-12-22
35:ecmascript-6:65403056:1:0:35:False:2020-12-22
36:ecmascript-6:65398584:1:1:82:False:2020-12-21
37:ecmascript-6:65398482:1:1:44:True:2020-12-21
38:ecmascript-6:65396594:0:1:83:True:2020-12-21
39:ecmascript-6:65393468:0:0:36:False:2020-12-21
40:ecmascript-6:65389915:3:1:232:True:2020-12-21
41:ecmascript-6:65388904:1:3:56:False:2020-12-21
42:ecmascript-6:65386825:0:1:39:True:2020-12-21
43:ecmascript-6:65385187:1:1:42:False:2020-12-20
44:ecmascript-6:65385088:0:0:42:False:2020-12-20
45:ecmascript-6:65384817:0:1:40:False:2020-12-20
46:ecmascript-6:65384123:0:1:46:False:2020-12-20
47:ecmascript-6:65381194:-1:1:125:True:2020-12-20
48:ecmascript-6:65379789:0:0:27:False:2020-12-20
49:ecmascript-6:65377457:1:1:118:True:2020-12-20
:tag:id:vote:answer:views:accepted:date
0:ecmascript-6:65377032:1:3:170:False:2020-12-20
1:ecmascript-6:65376249:1:2:111:True:2020-12-20
2:ecmascript-6:65374705:0:1:31:False:2020-12-19
3:ecmascript-6:65374489:0:1:53:True:2020-12-19
4:ecmascript-6:65374397:1:2:79:True:2020-12-19
5:ecmascript-6:65372159:1:1:35:True:2020-12-19
6:ecmascript-6:65370666:2:2:44:True:2020-12-19
7:ecmascript-6:65367838:4:1:74:True:2020-12-19
8:ecmascript-6:65367328:1:0:44:False:2020-12-19
9:ecmascript-6:65366325:1:4:55:True:2020-12-19
10:ecmascript-6:65362899:0:2:70:True:2020-12-18
11:ecmascript-6:65361282:3:1:37:True:2020-12-18
12:ecmascript-6:65360808:0:1:146:True:2020-12-18
13:ecmascript-6:65359694:0:0:36:False:2020-12-18
14:ecmascript-6:65358100:1:0:672:False:2020-12-18
15:ecmascript-6:65357746:-1:2:53:False:2020-12-18
16:ecmascript-6:65354191:-2:1:39:True:2020-12-18
17:ecmascript-6:65353107:1:2:45:True:2020-12-18
18:ecmascript-6:65351823:0:1:160:False:2020-12-18
19:ecmascript-6:65349847:3:2:1000:False:2020-12-17
20:ecmascript-6:65349618:0:1:57:True:2020-12-17
21:ecmascript-6:65345997:1:1:4000:True:2020-12-17
22:ecmascript-6:65340698:1:1:82:False:2020-12-17
23:ecmascript-6:65339985:4:2:135:True:2020-12-17
24:ecmascript-6:65339638:0:4:166:False:2020-12-17
25:ecmascript-6:65338807:2:2:274:True:2020-12-17
26:ecmascript-6:65337610:0:3:47:True:2020-12-17
27:ecmascript-6:65335091:0:0:101:False:2020-12-17
28:ecmascript-6:65334840:0:1:86:True:2020-12-17
29:ecmascript-6:65333860:0:2:46:True:2020-12-17
30:ecmascript-6:65333072:0:3:70:True:2020-12-17
31:ecmascript-6:65332750:1:2:161:True:2020-12-16
32:ecmascript-6:65332196:3:3:150:True:2020-12-16
33:ecmascript-6:65331032:-2:1:36:False:2020-12-16
34:ecmascript-6:65330190:2:3:73:True:2020-12-16
35:ecmascript-6:65329857:0:2:42:False:2020-12-16
36:ecmascript-6:65328618:-1:1:27:False:2020-12-16
37:ecmascript-6:65321977:1:1:36:True:2020-12-16
38:ecmascript-6:65319931:1:1:37:True:2020-12-16
39:ecmascript-6:65319119:1:0:530:False:2020-12-16
40:ecmascript-6:65318896:0:3:87:True:2020-12-16
41:ecmascript-6:65317635:0:0:63:False:2020-12-16
42:ecmascript-6:65317220:0:0:23:False:2020-12-16
43:ecmascript-6:65315325:1:1:758:False:2020-12-15
44:ecmascript-6:65314802:0:1:90:False:2020-12-15
45:ecmascript-6:65312289:0:1:41:True:2020-12-15
46:ecmascript-6:65311599:0:4:91:False:2020-12-15
47:ecmascript-6:65306825:-2:2:223:True:2020-12-15
48:ecmascript-6:65298559:0:3:77:False:2020-12-15
49:ecmascript-6:65297691:0:2:49:True:2020-12-14
:tag:id:vote:answer:views:accepted:date
0:ecmascript-6:65293807:0:2:72:True:2020-12-14
1:ecmascript-6:65291675:-2:4:61:True:2020-12-14
2:ecmascript-6:65282666:2:0:124:False:2020-12-14
3:ecmascript-6:65281507:0:3:45:True:2020-12-13
4:ecmascript-6:65280694:0:0:15:False:2020-12-13
5:ecmascript-6:65278181:0:1:60:False:2020-12-13
6:ecmascript-6:65273205:1:1:92:True:2020-12-13
7:ecmascript-6:65271449:0:1:51:True:2020-12-13
8:ecmascript-6:65270263:-1:1:26:True:2020-12-12
9:ecmascript-6:65267491:0:2:267:True:2020-12-12
10:ecmascript-6:65266417:0:2:54:True:2020-12-12
11:ecmascript-6:65263283:0:2:88:True:2020-12-12
12:ecmascript-6:65263269:0:0:38:False:2020-12-12
13:ecmascript-6:65261252:0:0:47:False:2020-12-12
14:ecmascript-6:65260508:0:2:40:True:2020-12-12
15:ecmascript-6:65259234:-5:2:50:False:2020-12-11
16:ecmascript-6:65258609:0:1:40:False:2020-12-11
17:ecmascript-6:65257358:1:1:42:True:2020-12-11
18:ecmascript-6:65254402:0:0:26:False:2020-12-11
19:ecmascript-6:65252321:0:2:35:True:2020-12-11
20:ecmascript-6:65251765:2:1:160:True:2020-12-11
21:ecmascript-6:65250777:0:2:188:False:2020-12-11
22:ecmascript-6:65250178:0:1:130:True:2020-12-11
23:ecmascript-6:65248965:1:1:78:True:2020-12-11
24:ecmascript-6:65248930:-1:3:59:False:2020-12-11
25:ecmascript-6:65248151:0:1:38:False:2020-12-11
26:ecmascript-6:65246238:0:3:66:True:2020-12-11
27:ecmascript-6:65245891:0:1:26:False:2020-12-11
28:ecmascript-6:65239709:2:4:86:True:2020-12-10
29:ecmascript-6:65236838:0:0:70:False:2020-12-10
30:ecmascript-6:65234657:0:0:193:False:2020-12-10
31:ecmascript-6:65230026:0:1:58:True:2020-12-10
32:ecmascript-6:65227547:0:0:193:False:2020-12-10
33:ecmascript-6:65225193:0:4:43:True:2020-12-09
34:ecmascript-6:65224827:-1:2:70:True:2020-12-09
35:ecmascript-6:65223627:1:1:23:True:2020-12-09
36:ecmascript-6:65223573:1:2:60:False:2020-12-09
37:ecmascript-6:65222265:-1:2:144:True:2020-12-09
38:ecmascript-6:65221302:0:2:41:True:2020-12-09
39:ecmascript-6:65213412:0:1:46:False:2020-12-09
40:ecmascript-6:65211877:0:0:29:False:2020-12-09
41:ecmascript-6:65211784:0:2:95:False:2020-12-09
42:ecmascript-6:65210831:3:1:287:False:2020-12-09
43:ecmascript-6:65204124:0:2:48:True:2020-12-08
44:ecmascript-6:65203311:0:2:48:False:2020-12-08
45:ecmascript-6:65200207:0:1:30:True:2020-12-08
46:ecmascript-6:65198969:1:2:39:False:2020-12-08
47:ecmascript-6:65195239:0:0:50:False:2020-12-08
48:ecmascript-6:65189239:0:1:67:True:2020-12-07
49:ecmascript-6:65184648:-1:1:23:False:2020-12-07
:tag:id:vote:answer:views:accepted:date
0:ecmascript-6:65181895:0:0:43:False:2020-12-07
1:ecmascript-6:65181666:0:0:8:False:2020-12-07
2:ecmascript-6:65181006:1:1:357:False:2020-12-07
3:ecmascript-6:65179320:0:1:56:True:2020-12-07
4:ecmascript-6:65179298:1:1:25:True:2020-12-07
5:ecmascript-6:65176640:2:0:54:False:2020-12-07
6:ecmascript-6:65170069:0:1:58:False:2020-12-06
7:ecmascript-6:65169362:0:0:59:False:2020-12-06
8:ecmascript-6:65168063:2:2:65:True:2020-12-06
9:ecmascript-6:65166819:-1:1:65:True:2020-12-06
10:ecmascript-6:65165754:0:1:74:True:2020-12-06
11:ecmascript-6:65164766:0:3:38:True:2020-12-06
12:ecmascript-6:65163197:0:2:40:True:2020-12-05
13:ecmascript-6:65160897:0:1:21:True:2020-12-05
14:ecmascript-6:65159387:0:2:112:False:2020-12-05
15:ecmascript-6:65157713:0:1:51:False:2020-12-05
16:ecmascript-6:65156208:1:3:33:True:2020-12-05
17:ecmascript-6:65151168:0:2:170:True:2020-12-04
18:ecmascript-6:65151111:1:2:58:True:2020-12-04
19:ecmascript-6:65150050:-1:2:51:True:2020-12-04
20:ecmascript-6:65149874:0:2:35:True:2020-12-04
21:ecmascript-6:65148232:1:1:45:True:2020-12-04
22:ecmascript-6:65147343:0:1:37:False:2020-12-04
23:ecmascript-6:65144493:0:1:30:True:2020-12-04
24:ecmascript-6:65144067:-1:1:55:True:2020-12-04
25:ecmascript-6:65140809:3:2:73:True:2020-12-04
26:ecmascript-6:65139528:2:3:47:False:2020-12-04
27:ecmascript-6:65138256:-1:1:90:False:2020-12-04
28:ecmascript-6:65137740:0:0:38:False:2020-12-04
29:ecmascript-6:65136605:0:1:50:True:2020-12-04
30:ecmascript-6:65136357:0:1:39:True:2020-12-04
31:ecmascript-6:65134003:0:1:29:False:2020-12-03
32:ecmascript-6:65133558:1:1:54:False:2020-12-03
33:ecmascript-6:65131505:0:0:13:False:2020-12-03
34:ecmascript-6:65129626:0:0:66:False:2020-12-03
35:ecmascript-6:65127612:0:2:53:True:2020-12-03
36:ecmascript-6:65122142:0:2:246:True:2020-12-03
37:ecmascript-6:65122097:0:3:101:True:2020-12-03
38:ecmascript-6:65120384:0:2:41:True:2020-12-03
39:ecmascript-6:65116928:0:2:51:True:2020-12-02
40:ecmascript-6:65116852:0:3:86:True:2020-12-02
41:ecmascript-6:65116053:1:1:56:True:2020-12-02
42:ecmascript-6:65114365:1:1:46:False:2020-12-02
43:ecmascript-6:65113775:0:0:11:False:2020-12-02
44:ecmascript-6:65101113:-1:2:386:True:2020-12-02
45:ecmascript-6:65100695:-2:1:30:True:2020-12-02
46:ecmascript-6:65093460:2:2:59:True:2020-12-01
47:ecmascript-6:65085486:0:1:45:False:2020-12-01
48:ecmascript-6:65085275:0:4:45:False:2020-12-01
49:ecmascript-6:65084273:1:2:587:True:2020-12-01
:tag:id:vote:answer:views:accepted:date
0:ecmascript-6:65080379:0:1:35:False:2020-11-30
1:ecmascript-6:65078807:0:0:39:False:2020-11-30
2:ecmascript-6:65075254:1:1:279:False:2020-11-30
3:ecmascript-6:65074246:0:1:75:False:2020-11-30
4:ecmascript-6:65072463:0:0:248:False:2020-11-30
5:ecmascript-6:65068598:0:0:31:False:2020-11-30
6:ecmascript-6:65068239:0:6:67:False:2020-11-30
7:ecmascript-6:65060540:-1:2:80:False:2020-11-29
8:ecmascript-6:65059620:0:1:34:True:2020-11-29
9:ecmascript-6:65056635:0:2:63:True:2020-11-29
10:ecmascript-6:65054041:2:2:197:True:2020-11-28
11:ecmascript-6:65050260:0:2:67:True:2020-11-28
12:ecmascript-6:65049920:0:0:33:False:2020-11-28
13:ecmascript-6:65046444:1:2:60:True:2020-11-28
14:ecmascript-6:65045641:4:2:524:True:2020-11-28
15:ecmascript-6:65041037:1:1:38:True:2020-11-27
16:ecmascript-6:65039018:0:0:58:False:2020-11-27
17:ecmascript-6:65038840:0:3:52:True:2020-11-27
18:ecmascript-6:65034989:0:0:55:False:2020-11-27
19:ecmascript-6:65033150:0:3:372:True:2020-11-27
20:ecmascript-6:65030904:-2:1:134:False:2020-11-27
21:ecmascript-6:65028369:0:1:228:True:2020-11-26
22:ecmascript-6:65024678:-1:1:145:True:2020-11-26
23:ecmascript-6:65023793:-1:1:43:True:2020-11-26
24:ecmascript-6:65023158:1:1:51:True:2020-11-26
25:ecmascript-6:65023121:0:1:145:False:2020-11-26
26:ecmascript-6:65022336:0:1:32:False:2020-11-26
27:ecmascript-6:65020474:0:0:25:False:2020-11-26
28:ecmascript-6:65019761:0:0:37:False:2020-11-26
29:ecmascript-6:65016516:0:1:70:False:2020-11-26
30:ecmascript-6:65014987:1:0:127:False:2020-11-26
31:ecmascript-6:65010926:0:1:18:True:2020-11-25
32:ecmascript-6:65007463:1:2:76:False:2020-11-25
33:ecmascript-6:65006723:0:4:63:True:2020-11-25
34:ecmascript-6:65005398:0:0:23:False:2020-11-25
35:ecmascript-6:65002229:1:0:51:False:2020-11-25
36:ecmascript-6:65001411:1:1:26:True:2020-11-25
37:ecmascript-6:64999959:1:2:104:True:2020-11-25
38:ecmascript-6:64996924:1:0:39:False:2020-11-25
39:ecmascript-6:64996758:1:0:62:False:2020-11-25
40:ecmascript-6:64996689:0:0:94:False:2020-11-25
41:ecmascript-6:64996534:1:2:104:True:2020-11-24
42:ecmascript-6:64993129:1:3:166:False:2020-11-24
43:ecmascript-6:64991165:0:0:31:False:2020-11-24
44:ecmascript-6:64990871:1:2:48:True:2020-11-24
45:ecmascript-6:64990751:0:0:34:False:2020-11-24
46:ecmascript-6:64989657:0:0:17:False:2020-11-24
47:ecmascript-6:64989268:1:1:46:True:2020-11-24
48:ecmascript-6:64988959:-1:1:62:False:2020-11-24
49:ecmascript-6:64981096:1:3:63:True:2020-11-24
:tag:id:vote:answer:views:accepted:date
0:ecmascript-6:64979384:0:0:16:False:2020-11-24
1:ecmascript-6:64975270:0:2:45:True:2020-11-23
2:ecmascript-6:64973105:2:1:43:True:2020-11-23
3:ecmascript-6:64972731:0:2:42:True:2020-11-23
4:ecmascript-6:64968406:1:1:112:False:2020-11-23
5:ecmascript-6:64964421:0:1:31:True:2020-11-23
6:ecmascript-6:64959723:2:2:858:True:2020-11-22
7:ecmascript-6:64958801:1:0:37:False:2020-11-22
8:ecmascript-6:64958274:0:0:297:False:2020-11-22
9:ecmascript-6:64954243:0:1:56:True:2020-11-22
10:ecmascript-6:64953205:2:1:38:True:2020-11-22
11:ecmascript-6:64940577:0:3:45:True:2020-11-21
12:ecmascript-6:64938307:-1:2:624:True:2020-11-20
13:ecmascript-6:64936255:0:2:170:True:2020-11-20
14:ecmascript-6:64933577:0:3:467:True:2020-11-20
15:ecmascript-6:64932182:-1:1:40:False:2020-11-20
16:ecmascript-6:64931296:2:1:122:True:2020-11-20
17:ecmascript-6:64928453:1:4:53:False:2020-11-20
18:ecmascript-6:64925985:1:2:62:True:2020-11-20
19:ecmascript-6:64925667:0:4:81:True:2020-11-20
20:ecmascript-6:64924283:1:3:78:True:2020-11-20
21:ecmascript-6:64922807:0:1:35:True:2020-11-20
22:ecmascript-6:64919694:0:2:30:True:2020-11-19
23:ecmascript-6:64918363:-1:1:118:True:2020-11-19
24:ecmascript-6:64917180:0:2:36:True:2020-11-19
25:ecmascript-6:64917121:-2:1:66:False:2020-11-19
26:ecmascript-6:64915448:0:2:35:False:2020-11-19
27:ecmascript-6:64910848:1:1:124:False:2020-11-19
28:ecmascript-6:64907948:1:0:98:False:2020-11-19
29:ecmascript-6:64905971:-1:1:31:True:2020-11-19
30:ecmascript-6:64902325:1:2:53:True:2020-11-18
31:ecmascript-6:64901746:0:2:40:False:2020-11-18
32:ecmascript-6:64899458:0:5:268:False:2020-11-18
33:ecmascript-6:64898093:0:0:16:False:2020-11-18
34:ecmascript-6:64890022:0:1:32:True:2020-11-18
35:ecmascript-6:64889108:0:2:46:True:2020-11-18
36:ecmascript-6:64884543:2:1:125:False:2020-11-17
37:ecmascript-6:64884389:0:3:210:False:2020-11-17
38:ecmascript-6:64881315:0:0:40:False:2020-11-17
39:ecmascript-6:64879981:1:2:58:True:2020-11-17
40:ecmascript-6:64879725:2:2:807:True:2020-11-17
41:ecmascript-6:64878479:0:0:39:False:2020-11-17
42:ecmascript-6:64873801:3:0:101:False:2020-11-17
43:ecmascript-6:64869690:-1:2:37:False:2020-11-17
44:ecmascript-6:64869008:0:2:67:False:2020-11-17
45:ecmascript-6:64867812:0:1:30:True:2020-11-17
46:ecmascript-6:64864757:1:2:28:False:2020-11-16
47:ecmascript-6:64860657:3:1:251:True:2020-11-16
48:ecmascript-6:64856005:1:3:38:True:2020-11-16
49:ecmascript-6:64855209:4:1:353:True:2020-11-16
:tag:id:vote:answer:views:accepted:date
0:ecmascript-6:64855107:3:0:230:False:2020-11-16
1:ecmascript-6:64851279:0:2:88:True:2020-11-16
2:ecmascript-6:64851124:-2:1:147:True:2020-11-16
3:ecmascript-6:64848663:0:2:274:False:2020-11-15
4:ecmascript-6:64848099:-1:2:684:False:2020-11-15
5:ecmascript-6:64848019:2:2:223:True:2020-11-15
6:ecmascript-6:64847917:0:2:71:True:2020-11-15
7:ecmascript-6:64847156:0:1:57:False:2020-11-15
8:ecmascript-6:64845284:0:3:306:True:2020-11-15
9:ecmascript-6:64841961:0:2:48:False:2020-11-15
10:ecmascript-6:64837461:2:1:62:True:2020-11-14
11:ecmascript-6:64835293:1:3:164:False:2020-11-14
12:ecmascript-6:64831653:0:1:243:True:2020-11-14
13:ecmascript-6:64830417:0:0:91:False:2020-11-14
14:ecmascript-6:64827989:-2:2:49:True:2020-11-13
15:ecmascript-6:64825281:0:1:106:True:2020-11-13
16:ecmascript-6:64824386:1:3:47:True:2020-11-13
17:ecmascript-6:64821142:1:1:38:True:2020-11-13
18:ecmascript-6:64819813:4:1:124:True:2020-11-13
19:ecmascript-6:64810614:0:1:54:True:2020-11-12
20:ecmascript-6:64808713:-2:2:37:False:2020-11-12
21:ecmascript-6:64807774:0:1:36:False:2020-11-12
22:ecmascript-6:64806255:1:0:357:False:2020-11-12
23:ecmascript-6:64804126:2:1:156:True:2020-11-12
24:ecmascript-6:64803691:1:6:58:True:2020-11-12
25:ecmascript-6:64800465:-1:2:486:True:2020-11-12
26:ecmascript-6:64794904:0:1:312:True:2020-11-11
27:ecmascript-6:64792888:1:0:32:False:2020-11-11
28:ecmascript-6:64792560:1:1:38:True:2020-11-11
29:ecmascript-6:64791330:0:1:76:False:2020-11-11
30:ecmascript-6:64790446:0:1:37:False:2020-11-11
31:ecmascript-6:64788579:-1:1:28:True:2020-11-11
32:ecmascript-6:64788445:0:1:70:True:2020-11-11
33:ecmascript-6:64788168:1:1:410:True:2020-11-11
34:ecmascript-6:64787758:0:2:54:True:2020-11-11
35:ecmascript-6:64787640:4:2:622:True:2020-11-11
36:ecmascript-6:64787522:0:4:64:False:2020-11-11
37:ecmascript-6:64787369:0:1:58:True:2020-11-11
38:ecmascript-6:64786951:-1:1:101:False:2020-11-11
39:ecmascript-6:64782687:0:2:57:False:2020-11-11
40:ecmascript-6:64781323:1:4:79:True:2020-11-11
41:ecmascript-6:64779215:0:1:45:True:2020-11-11
42:ecmascript-6:64777124:0:0:41:False:2020-11-10
43:ecmascript-6:64774993:0:0:40:False:2020-11-10
44:ecmascript-6:64774775:3:1:45:True:2020-11-10
45:ecmascript-6:64771814:0:0:53:False:2020-11-10
46:ecmascript-6:64767616:-2:2:119:True:2020-11-10
47:ecmascript-6:64767605:2:1:459:True:2020-11-10
48:ecmascript-6:64757310:0:2:66:False:2020-11-09
49:ecmascript-6:64748689:1:1:41:False:2020-11-09
:tag:id:vote:answer:views:accepted:date
0:ecmascript-6:64747700:-3:1:80:False:2020-11-09
1:ecmascript-6:64745493:0:0:29:False:2020-11-09
2:ecmascript-6:64742665:2:1:223:False:2020-11-08
3:ecmascript-6:64742076:1:2:53:True:2020-11-08
4:ecmascript-6:64741245:2:1:608:True:2020-11-08
5:ecmascript-6:64739849:0:0:30:False:2020-11-08
6:ecmascript-6:64737346:-2:4:113:True:2020-11-08
7:ecmascript-6:64734649:1:2:34:True:2020-11-08
8:ecmascript-6:64727768:0:1:72:True:2020-11-07
9:ecmascript-6:64727264:0:0:54:False:2020-11-07
10:ecmascript-6:64726845:3:1:2000:False:2020-11-07
11:ecmascript-6:64725624:4:3:52:True:2020-11-07
12:ecmascript-6:64725358:0:0:19:False:2020-11-07
13:ecmascript-6:64724665:1:3:76:False:2020-11-07
14:ecmascript-6:64724034:0:1:63:False:2020-11-07
15:ecmascript-6:64721637:1:3:70:False:2020-11-06
16:ecmascript-6:64721251:0:2:130:False:2020-11-06
17:ecmascript-6:64720768:0:1:170:True:2020-11-06
18:ecmascript-6:64719646:0:2:296:False:2020-11-06
19:ecmascript-6:64717292:-1:1:299:True:2020-11-06
20:ecmascript-6:64717014:-2:5:56:True:2020-11-06
21:ecmascript-6:64714102:2:2:182:True:2020-11-06
22:ecmascript-6:64708793:1:1:73:False:2020-11-06
23:ecmascript-6:64707641:0:2:105:False:2020-11-06
24:ecmascript-6:64706639:-1:1:28:True:2020-11-05
25:ecmascript-6:64705168:-1:1:117:True:2020-11-05
26:ecmascript-6:64703494:-2:1:123:False:2020-11-05
27:ecmascript-6:64702981:0:1:30:False:2020-11-05
28:ecmascript-6:64701070:0:1:67:False:2020-11-05
29:ecmascript-6:64700585:0:1:19:False:2020-11-05
30:ecmascript-6:64698915:1:1:183:False:2020-11-05
31:ecmascript-6:64698027:0:3:175:True:2020-11-05
32:ecmascript-6:64697826:0:0:78:False:2020-11-05
33:ecmascript-6:64695242:1:4:61:True:2020-11-05
34:ecmascript-6:64690299:0:0:40:False:2020-11-05
35:ecmascript-6:64687679:0:1:28:True:2020-11-04
36:ecmascript-6:64685957:1:1:74:False:2020-11-04
37:ecmascript-6:64685378:1:0:260:False:2020-11-04
38:ecmascript-6:64684863:0:1:64:True:2020-11-04
39:ecmascript-6:64684056:-3:1:63:True:2020-11-04
40:ecmascript-6:64683436:1:1:54:True:2020-11-04
41:ecmascript-6:64683435:0:0:169:False:2020-11-04
42:ecmascript-6:64682286:0:1:72:True:2020-11-04
43:ecmascript-6:64678292:2:1:38:True:2020-11-04
44:ecmascript-6:64667888:2:1:89:False:2020-11-03
45:ecmascript-6:64664301:0:0:33:False:2020-11-03
46:ecmascript-6:64663544:2:1:45:True:2020-11-03
47:ecmascript-6:64661452:0:1:45:False:2020-11-03
48:ecmascript-6:64660899:0:3:63:True:2020-11-03
49:ecmascript-6:64660286:1:1:99:True:2020-11-03
:tag:id:vote:answer:views:accepted:date
0:ecmascript-6:64657025:2:3:161:False:2020-11-03
1:ecmascript-6:64655020:1:0:750:False:2020-11-03
2:ecmascript-6:64654790:0:2:336:False:2020-11-02
3:ecmascript-6:64654249:1:0:250:False:2020-11-02
4:ecmascript-6:64653708:-2:2:283:True:2020-11-02
5:ecmascript-6:64649498:0:0:17:False:2020-11-02
6:ecmascript-6:64647178:0:1:76:True:2020-11-02
7:ecmascript-6:64646747:0:1:31:True:2020-11-02
8:ecmascript-6:64644937:9:7:111:True:2020-11-02
9:ecmascript-6:64643083:0:0:85:False:2020-11-02
10:ecmascript-6:64643032:1:1:61:False:2020-11-02
11:ecmascript-6:64640985:2:1:145:True:2020-11-02
12:ecmascript-6:64640472:2:1:826:False:2020-11-02
13:ecmascript-6:64640082:0:0:27:False:2020-11-02
14:ecmascript-6:64636438:0:3:157:True:2020-11-01
15:ecmascript-6:64635158:1:1:506:True:2020-11-01
16:ecmascript-6:64632081:0:1:36:False:2020-11-01
17:ecmascript-6:64629188:0:0:83:False:2020-11-01
18:ecmascript-6:64628030:0:0:53:False:2020-11-01
19:ecmascript-6:64626406:0:1:41:False:2020-10-31
20:ecmascript-6:64626331:0:1:101:True:2020-10-31
21:ecmascript-6:64625856:0:2:164:False:2020-10-31
22:ecmascript-6:64621846:0:1:54:False:2020-10-31
23:ecmascript-6:64620838:-2:1:60:True:2020-10-31
24:ecmascript-6:64616734:0:0:42:False:2020-10-30
25:ecmascript-6:64614232:0:1:80:False:2020-10-30
26:ecmascript-6:64608444:0:1:53:False:2020-10-30
27:ecmascript-6:64605573:0:3:50:True:2020-10-30
28:ecmascript-6:64605458:0:1:17:False:2020-10-30
29:ecmascript-6:64599682:0:1:158:False:2020-10-29
30:ecmascript-6:64597886:0:1:30:False:2020-10-29
31:ecmascript-6:64594072:0:1:59:True:2020-10-29
32:ecmascript-6:64591720:0:1:42:False:2020-10-29
33:ecmascript-6:64591605:0:0:30:False:2020-10-29
34:ecmascript-6:64589944:0:0:38:False:2020-10-29
35:ecmascript-6:64589148:3:0:22:False:2020-10-29
36:ecmascript-6:64587487:-1:2:30:False:2020-10-29
37:ecmascript-6:64586585:1:1:410:True:2020-10-29
38:ecmascript-6:64586207:7:3:4000:True:2020-10-29
39:ecmascript-6:64583147:-1:1:674:True:2020-10-29
40:ecmascript-6:64582489:1:1:88:True:2020-10-28
41:ecmascript-6:64582158:-2:1:67:True:2020-10-28
42:ecmascript-6:64582121:1:1:34:True:2020-10-28
43:ecmascript-6:64579883:0:0:64:False:2020-10-28
44:ecmascript-6:64577266:0:1:40:False:2020-10-28
45:ecmascript-6:64574682:2:1:51:False:2020-10-28
46:ecmascript-6:64574467:1:2:44:True:2020-10-28
47:ecmascript-6:64573821:0:1:38:True:2020-10-28
48:ecmascript-6:64573451:1:1:23:True:2020-10-28
49:ecmascript-6:64571941:0:1:128:True:2020-10-28
:tag:id:vote:answer:views:accepted:date
0:ecmascript-6:64571885:2:1:108:False:2020-10-28
1:ecmascript-6:64568883:1:2:34:True:2020-10-28
2:ecmascript-6:64567956:1:2:85:True:2020-10-28
3:ecmascript-6:64567420:4:0:42:False:2020-10-28
4:ecmascript-6:64567156:1:1:44:False:2020-10-28
5:ecmascript-6:64565113:0:3:110:True:2020-10-28
6:ecmascript-6:64560908:1:1:35:True:2020-10-27
7:ecmascript-6:64559381:0:0:65:False:2020-10-27
8:ecmascript-6:64554490:2:4:56:True:2020-10-27
9:ecmascript-6:64553861:0:0:29:False:2020-10-27
10:ecmascript-6:64553822:0:2:59:True:2020-10-27
11:ecmascript-6:64551314:3:2:58:True:2020-10-27
12:ecmascript-6:64550222:-2:2:57:False:2020-10-27
13:ecmascript-6:64549093:1:1:1000:True:2020-10-27
14:ecmascript-6:64547979:0:0:93:False:2020-10-27
15:ecmascript-6:64544966:0:1:103:True:2020-10-26
16:ecmascript-6:64539938:1:2:44:True:2020-10-26
17:ecmascript-6:64538431:0:1:37:True:2020-10-26
18:ecmascript-6:64536121:1:3:791:True:2020-10-26
19:ecmascript-6:64535401:0:0:22:False:2020-10-26
20:ecmascript-6:64528554:0:3:51:True:2020-10-25
21:ecmascript-6:64528380:0:1:27:True:2020-10-25
22:ecmascript-6:64526631:1:1:21:True:2020-10-25
23:ecmascript-6:64525691:0:1:32:True:2020-10-25
24:ecmascript-6:64525151:1:1:421:False:2020-10-25
25:ecmascript-6:64525088:0:1:197:False:2020-10-25
26:ecmascript-6:64524024:0:1:31:True:2020-10-25
27:ecmascript-6:64523783:1:4:76:True:2020-10-25
28:ecmascript-6:64520348:1:2:53:True:2020-10-25
29:ecmascript-6:64519774:0:1:24:True:2020-10-25
30:ecmascript-6:64517353:1:1:137:False:2020-10-24
31:ecmascript-6:64515223:0:1:48:True:2020-10-24
32:ecmascript-6:64511831:-1:1:20:False:2020-10-24
33:ecmascript-6:64510573:-4:2:49:True:2020-10-24
34:ecmascript-6:64510185:1:1:15:False:2020-10-24
35:ecmascript-6:64509844:0:2:54:True:2020-10-24
36:ecmascript-6:64509609:0:0:151:False:2020-10-24
37:ecmascript-6:64508099:2:2:45:False:2020-10-23
38:ecmascript-6:64506379:0:4:66:True:2020-10-23
39:ecmascript-6:64504981:1:1:59:True:2020-10-23
40:ecmascript-6:64501098:0:1:46:True:2020-10-23
41:ecmascript-6:64500236:0:1:75:True:2020-10-23
42:ecmascript-6:64499806:-2:1:46:False:2020-10-23
43:ecmascript-6:64498908:1:2:45:True:2020-10-23
44:ecmascript-6:64492771:0:0:35:False:2020-10-23
45:ecmascript-6:64492393:-1:3:67:True:2020-10-23
46:ecmascript-6:64491179:0:1:94:False:2020-10-22
47:ecmascript-6:64489085:0:0:84:False:2020-10-22
48:ecmascript-6:64488056:1:7:66:True:2020-10-22
49:ecmascript-6:64487979:0:1:48:False:2020-10-22
:tag:id:vote:answer:views:accepted:date
0:ecmascript-6:64487563:1:2:52:False:2020-10-22
1:ecmascript-6:64485915:-3:1:283:True:2020-10-22
2:ecmascript-6:64484976:0:2:37:True:2020-10-22
3:ecmascript-6:64484060:0:4:309:True:2020-10-22
4:ecmascript-6:64483225:0:1:43:True:2020-10-22
5:ecmascript-6:64482990:1:1:101:True:2020-10-22
6:ecmascript-6:64480887:0:1:23:True:2020-10-22
7:ecmascript-6:64478917:0:4:48:False:2020-10-22
8:ecmascript-6:64470111:1:2:50:True:2020-10-21
9:ecmascript-6:64469057:0:2:67:False:2020-10-21
10:ecmascript-6:64467673:2:1:44:False:2020-10-21
11:ecmascript-6:64466881:-1:2:32:True:2020-10-21
12:ecmascript-6:64466072:0:0:110:False:2020-10-21
13:ecmascript-6:64462860:-1:2:36:True:2020-10-21
14:ecmascript-6:64461968:0:2:475:False:2020-10-21
15:ecmascript-6:64461529:0:1:38:True:2020-10-21
16:ecmascript-6:64452003:0:0:20:False:2020-10-20
17:ecmascript-6:64450544:2:0:35:False:2020-10-20
18:ecmascript-6:64450184:0:2:84:True:2020-10-20
19:ecmascript-6:64448145:0:1:29:False:2020-10-20
20:ecmascript-6:64448131:0:1:185:False:2020-10-20
21:ecmascript-6:64445038:1:2:61:True:2020-10-20
22:ecmascript-6:64443248:0:0:27:False:2020-10-20
23:ecmascript-6:64441080:0:0:37:False:2020-10-20
24:ecmascript-6:64440495:1:1:125:False:2020-10-20
25:ecmascript-6:64439383:0:1:53:True:2020-10-20
26:ecmascript-6:64438929:1:2:36:True:2020-10-20
27:ecmascript-6:64436774:0:1:55:True:2020-10-20
28:ecmascript-6:64435496:1:1:341:True:2020-10-19
29:ecmascript-6:64435473:0:2:104:False:2020-10-19
30:ecmascript-6:64433203:1:1:36:True:2020-10-19
31:ecmascript-6:64431786:0:1:1000:True:2020-10-19
32:ecmascript-6:64431224:1:1:147:True:2020-10-19
33:ecmascript-6:64430365:-2:1:64:False:2020-10-19
34:ecmascript-6:64429256:0:1:111:True:2020-10-19
35:ecmascript-6:64428056:0:2:44:True:2020-10-19
36:ecmascript-6:64427579:0:3:61:False:2020-10-19
37:ecmascript-6:64426763:2:1:43:True:2020-10-19
38:ecmascript-6:64426439:-1:2:30:True:2020-10-19
39:ecmascript-6:64425065:0:1:298:True:2020-10-19
40:ecmascript-6:64423644:0:0:27:False:2020-10-19
41:ecmascript-6:64423457:0:2:40:False:2020-10-19
42:ecmascript-6:64422786:0:0:16:False:2020-10-19
43:ecmascript-6:64422170:1:1:207:True:2020-10-19
44:ecmascript-6:64420749:0:1:62:True:2020-10-19
45:ecmascript-6:64419103:0:1:39:True:2020-10-18
46:ecmascript-6:64418970:0:2:127:False:2020-10-18
47:ecmascript-6:64417502:2:1:52:True:2020-10-18
48:ecmascript-6:64416922:1:0:75:False:2020-10-18
49:ecmascript-6:64410927:0:0:51:False:2020-10-18
:tag:id:vote:answer:views:accepted:date
0:ecmascript-6:64407869:1:4:75:True:2020-10-17
1:ecmascript-6:64405808:0:1:358:True:2020-10-17
2:ecmascript-6:64405052:1:2:50:False:2020-10-17
3:ecmascript-6:64403792:1:2:41:True:2020-10-17
4:ecmascript-6:64401902:0:1:44:True:2020-10-17
5:ecmascript-6:64398523:0:1:47:False:2020-10-17
6:ecmascript-6:64395652:0:1:48:False:2020-10-16
7:ecmascript-6:64388432:0:0:71:False:2020-10-16
8:ecmascript-6:64387853:0:1:234:True:2020-10-16
9:ecmascript-6:64386417:0:1:58:False:2020-10-16
10:ecmascript-6:64384913:0:1:56:True:2020-10-16
11:ecmascript-6:64384031:0:1:145:False:2020-10-16
12:ecmascript-6:64383729:0:1:94:False:2020-10-16
13:ecmascript-6:64383698:0:2:46:True:2020-10-16
14:ecmascript-6:64381225:0:1:29:False:2020-10-16
15:ecmascript-6:64380594:2:2:56:True:2020-10-15
16:ecmascript-6:64379402:0:2:46:False:2020-10-15
17:ecmascript-6:64378326:0:1:64:True:2020-10-15
18:ecmascript-6:64377209:-2:2:34:True:2020-10-15
19:ecmascript-6:64377082:1:0:32:False:2020-10-15
20:ecmascript-6:64377034:0:2:96:True:2020-10-15
21:ecmascript-6:64376366:0:3:44:True:2020-10-15
22:ecmascript-6:64374531:0:2:67:False:2020-10-15
23:ecmascript-6:64372738:0:1:32:False:2020-10-15
24:ecmascript-6:64367503:0:2:36:True:2020-10-15
25:ecmascript-6:64366050:0:1:74:False:2020-10-15
26:ecmascript-6:64365044:0:1:36:False:2020-10-15
27:ecmascript-6:64362029:0:3:103:True:2020-10-14
28:ecmascript-6:64361090:3:1:1000:True:2020-10-14
29:ecmascript-6:64356880:-2:2:49:False:2020-10-14
30:ecmascript-6:64356866:1:2:24:True:2020-10-14
31:ecmascript-6:64356079:0:1:34:True:2020-10-14
32:ecmascript-6:64352564:0:2:28:True:2020-10-14
33:ecmascript-6:64352406:0:3:142:False:2020-10-14
34:ecmascript-6:64346309:0:3:32:True:2020-10-14
35:ecmascript-6:64342264:2:4:492:True:2020-10-13
36:ecmascript-6:64341576:1:2:33:True:2020-10-13
37:ecmascript-6:64335443:0:1:342:False:2020-10-13
38:ecmascript-6:64334678:2:1:60:True:2020-10-13
39:ecmascript-6:64332112:-2:2:36:True:2020-10-13
40:ecmascript-6:64328865:17:3:570:True:2020-10-13
41:ecmascript-6:64328689:0:2:500:True:2020-10-13
42:ecmascript-6:64324046:0:3:291:False:2020-10-12
43:ecmascript-6:64321710:0:1:54:True:2020-10-12
44:ecmascript-6:64321434:1:2:97:True:2020-10-12
45:ecmascript-6:64319303:6:0:109:False:2020-10-12
46:ecmascript-6:64319108:0:1:119:False:2020-10-12
47:ecmascript-6:64314555:3:2:41:True:2020-10-12
48:ecmascript-6:64313583:0:2:95:False:2020-10-12
49:ecmascript-6:64312951:0:1:115:False:2020-10-12
:tag:id:vote:answer:views:accepted:date
0:ecmascript-6:64312814:0:1:42:False:2020-10-12
1:ecmascript-6:64309061:0:1:24:True:2020-10-11
2:ecmascript-6:64306378:-2:2:88:False:2020-10-11
3:ecmascript-6:64304098:2:2:118:True:2020-10-11
4:ecmascript-6:64303247:0:0:39:False:2020-10-11
5:ecmascript-6:64302781:-1:1:42:True:2020-10-11
6:ecmascript-6:64301059:1:2:86:True:2020-10-11
7:ecmascript-6:64300765:0:2:41:True:2020-10-11
8:ecmascript-6:64299675:1:2:53:True:2020-10-11
9:ecmascript-6:64296423:2:2:724:True:2020-10-10
10:ecmascript-6:64295282:0:1:320:True:2020-10-10
11:ecmascript-6:64292654:0:3:147:True:2020-10-10
12:ecmascript-6:64291685:2:2:249:False:2020-10-10
13:ecmascript-6:64286980:0:1:1000:True:2020-10-09
14:ecmascript-6:64283685:0:0:21:False:2020-10-09
15:ecmascript-6:64282976:0:2:36:True:2020-10-09
16:ecmascript-6:64282855:3:3:121:False:2020-10-09
17:ecmascript-6:64282587:0:1:59:True:2020-10-09
18:ecmascript-6:64282498:2:2:68:True:2020-10-09
19:ecmascript-6:64277376:-1:2:1000:False:2020-10-09
20:ecmascript-6:64272293:0:1:29:False:2020-10-09
21:ecmascript-6:64268642:0:2:29:True:2020-10-08
22:ecmascript-6:64267412:0:2:47:True:2020-10-08
23:ecmascript-6:64266097:0:1:40:True:2020-10-08
24:ecmascript-6:64264708:-1:3:333:True:2020-10-08
25:ecmascript-6:64263736:0:1:27:True:2020-10-08
26:ecmascript-6:64261239:7:3:4000:False:2020-10-08
27:ecmascript-6:64253227:0:1:36:True:2020-10-07
28:ecmascript-6:64249193:1:1:37:False:2020-10-07
29:ecmascript-6:64247903:0:0:951:False:2020-10-07
30:ecmascript-6:64243820:1:0:190:False:2020-10-07
31:ecmascript-6:64237764:-1:2:45:False:2020-10-07
32:ecmascript-6:64234140:0:1:581:True:2020-10-06
33:ecmascript-6:64232331:1:1:201:False:2020-10-06
34:ecmascript-6:64227524:1:6:37:False:2020-10-06
35:ecmascript-6:64222474:0:1:285:True:2020-10-06
36:ecmascript-6:64221754:0:0:34:False:2020-10-06
37:ecmascript-6:64221371:0:2:45:True:2020-10-06
38:ecmascript-6:64221288:0:1:66:True:2020-10-06
39:ecmascript-6:64220179:1:1:280:False:2020-10-06
40:ecmascript-6:64219115:0:1:49:True:2020-10-06
41:ecmascript-6:64216246:2:1:149:False:2020-10-05
42:ecmascript-6:64212329:1:1:153:True:2020-10-05
43:ecmascript-6:64203159:0:3:81:True:2020-10-05
44:ecmascript-6:64203063:0:8:67:False:2020-10-05
45:ecmascript-6:64202418:0:1:38:True:2020-10-05
46:ecmascript-6:64198952:0:1:382:True:2020-10-04
47:ecmascript-6:64194879:0:1:60:False:2020-10-04
48:ecmascript-6:64194699:2:2:70:True:2020-10-04
49:ecmascript-6:64190442:3:3:270:False:2020-10-04
:tag:id:vote:answer:views:accepted:date
0:ecmascript-6:64189981:1:0:281:False:2020-10-03
1:ecmascript-6:64186125:-1:2:484:True:2020-10-03
2:ecmascript-6:64185181:1:3:298:True:2020-10-03
3:ecmascript-6:64183680:0:0:33:False:2020-10-03
4:ecmascript-6:64183656:1:1:41:False:2020-10-03
5:ecmascript-6:64182848:0:0:25:False:2020-10-03
6:ecmascript-6:64180869:0:1:185:False:2020-10-03
7:ecmascript-6:64179827:-1:2:152:True:2020-10-03
8:ecmascript-6:64178817:0:2:260:False:2020-10-02
9:ecmascript-6:64174573:0:1:56:True:2020-10-02
10:ecmascript-6:64173545:0:2:44:True:2020-10-02
11:ecmascript-6:64171154:0:1:37:True:2020-10-02
12:ecmascript-6:64166594:0:1:134:True:2020-10-02
13:ecmascript-6:64164994:3:3:11000:True:2020-10-02
14:ecmascript-6:64164442:1:2:40:True:2020-10-01
15:ecmascript-6:64159677:-1:1:30:False:2020-10-01
16:ecmascript-6:64158895:2:1:398:True:2020-10-01
17:ecmascript-6:64157896:2:3:417:False:2020-10-01
18:ecmascript-6:64157020:1:0:4000:False:2020-10-01
19:ecmascript-6:64155684:4:2:83:True:2020-10-01
20:ecmascript-6:64152134:0:1:76:False:2020-10-01
21:ecmascript-6:64152026:0:1:41:True:2020-10-01
22:ecmascript-6:64150479:1:5:67:False:2020-10-01
23:ecmascript-6:64149852:0:1:45:False:2020-10-01
24:ecmascript-6:64149800:0:2:93:True:2020-10-01
25:ecmascript-6:64149562:-1:1:145:False:2020-10-01
26:ecmascript-6:64149111:0:1:32:True:2020-10-01
27:ecmascript-6:64147584:1:2:32:True:2020-10-01
28:ecmascript-6:64146914:3:2:1000:False:2020-09-30
29:ecmascript-6:64146446:0:3:25:False:2020-09-30
30:ecmascript-6:64143418:0:1:292:False:2020-09-30
31:ecmascript-6:64139097:0:1:69:True:2020-09-30
32:ecmascript-6:64135515:1:1:122:False:2020-09-30
33:ecmascript-6:64134530:0:1:40:False:2020-09-30
34:ecmascript-6:64133646:-3:2:47:False:2020-09-30
35:ecmascript-6:64132091:1:1:191:True:2020-09-30
36:ecmascript-6:64130896:0:2:46:False:2020-09-30
37:ecmascript-6:64129380:1:0:23:False:2020-09-30
38:ecmascript-6:64127962:1:1:31:False:2020-09-29
39:ecmascript-6:64127846:0:1:502:False:2020-09-29
40:ecmascript-6:64125947:1:0:26:False:2020-09-29
41:ecmascript-6:64119229:-1:1:88:True:2020-09-29
42:ecmascript-6:64118786:1:1:194:True:2020-09-29
43:ecmascript-6:64115955:0:1:31:True:2020-09-29
44:ecmascript-6:64115346:3:2:85:False:2020-09-29
45:ecmascript-6:64114117:0:1:143:True:2020-09-29
46:ecmascript-6:64113248:-3:1:53:False:2020-09-29
47:ecmascript-6:64113014:0:1:145:True:2020-09-29
48:ecmascript-6:64110663:2:1:70:True:2020-09-28
49:ecmascript-6:64103159:0:0:39:False:2020-09-28
:tag:id:vote:answer:views:accepted:date
0:ecmascript-6:64098329:0:5:128:True:2020-09-28
1:ecmascript-6:64098191:0:1:74:True:2020-09-28
2:ecmascript-6:64096931:0:1:29:False:2020-09-28
3:ecmascript-6:64094096:1:2:224:False:2020-09-27
4:ecmascript-6:64088505:-2:1:60:False:2020-09-27
5:ecmascript-6:64088172:0:2:51:True:2020-09-27
6:ecmascript-6:64085591:-1:1:59:True:2020-09-27
7:ecmascript-6:64084819:1:7:122:True:2020-09-27
8:ecmascript-6:64083747:0:1:604:True:2020-09-27
9:ecmascript-6:64076432:0:2:37:True:2020-09-26
10:ecmascript-6:64075415:0:1:152:False:2020-09-26
11:ecmascript-6:64069963:0:1:41:True:2020-09-25
12:ecmascript-6:64068223:0:2:57:True:2020-09-25
13:ecmascript-6:64067759:0:1:27:False:2020-09-25
14:ecmascript-6:64067732:0:3:60:False:2020-09-25
15:ecmascript-6:64065747:0:1:52:False:2020-09-25
16:ecmascript-6:64064876:1:1:122:True:2020-09-25
17:ecmascript-6:64062576:0:2:58:False:2020-09-25
18:ecmascript-6:64061906:0:1:686:True:2020-09-25
19:ecmascript-6:64061777:0:0:738:False:2020-09-25
20:ecmascript-6:64060799:0:1:25:True:2020-09-25
21:ecmascript-6:64060730:0:1:36:True:2020-09-25
22:ecmascript-6:64060537:0:1:35:False:2020-09-25
23:ecmascript-6:64059999:-1:6:59:True:2020-09-25
24:ecmascript-6:64058052:0:1:35:True:2020-09-25
25:ecmascript-6:64054395:1:2:51:True:2020-09-24
26:ecmascript-6:64053637:1:1:97:False:2020-09-24
27:ecmascript-6:64052439:0:2:157:False:2020-09-24
28:ecmascript-6:64052368:0:3:50:True:2020-09-24
29:ecmascript-6:64041429:0:0:186:False:2020-09-24
30:ecmascript-6:64041333:0:1:72:False:2020-09-24
31:ecmascript-6:64041073:0:1:39:True:2020-09-24
32:ecmascript-6:64038572:0:2:65:True:2020-09-24
33:ecmascript-6:64036782:2:2:2000:True:2020-09-23
34:ecmascript-6:64035869:0:0:34:False:2020-09-23
35:ecmascript-6:64035525:0:0:48:False:2020-09-23
36:ecmascript-6:64033241:0:0:35:False:2020-09-23
37:ecmascript-6:64031991:1:2:52:True:2020-09-23
38:ecmascript-6:64028843:1:1:50:False:2020-09-23
39:ecmascript-6:64028024:1:1:45:False:2020-09-23
40:ecmascript-6:64023755:0:1:140:False:2020-09-23
41:ecmascript-6:64023703:0:2:1000:False:2020-09-23
42:ecmascript-6:64022875:0:0:372:False:2020-09-23
43:ecmascript-6:64022362:-1:1:116:True:2020-09-23
44:ecmascript-6:64021563:2:1:48:False:2020-09-23
45:ecmascript-6:64021144:1:3:95:False:2020-09-23
46:ecmascript-6:64020848:0:1:32:False:2020-09-23
47:ecmascript-6:64020161:0:2:246:False:2020-09-23
48:ecmascript-6:64019651:0:1:135:True:2020-09-23
49:ecmascript-6:64018314:1:0:34:False:2020-09-22
:tag:id:vote:answer:views:accepted:date
0:ecmascript-6:64016240:0:2:29:False:2020-09-22
1:ecmascript-6:64015857:1:1:107:False:2020-09-22
2:ecmascript-6:64014122:-1:1:37:False:2020-09-22
3:ecmascript-6:64013085:0:1:80:True:2020-09-22
4:ecmascript-6:64010708:0:1:166:False:2020-09-22
5:ecmascript-6:64010168:-1:2:108:True:2020-09-22
6:ecmascript-6:64009029:3:5:5000:False:2020-09-22
7:ecmascript-6:64007373:1:1:33:True:2020-09-22
8:ecmascript-6:64003254:0:1:55:False:2020-09-22
9:ecmascript-6:64001920:0:2:222:True:2020-09-22
10:ecmascript-6:64001770:0:1:30:True:2020-09-22
11:ecmascript-6:64000577:1:2:68:True:2020-09-21
12:ecmascript-6:64000292:0:2:477:False:2020-09-21
13:ecmascript-6:63998698:0:4:123:False:2020-09-21
14:ecmascript-6:63996347:2:1:6000:True:2020-09-21
15:ecmascript-6:63994573:0:0:74:False:2020-09-21
16:ecmascript-6:63992866:0:1:65:True:2020-09-21
17:ecmascript-6:63991875:1:1:88:True:2020-09-21
18:ecmascript-6:63991766:2:3:440:False:2020-09-21
19:ecmascript-6:63991599:0:2:139:False:2020-09-21
20:ecmascript-6:63991565:0:1:30:True:2020-09-21
21:ecmascript-6:63980773:1:1:18:True:2020-09-20
22:ecmascript-6:63979535:0:0:98:False:2020-09-20
23:ecmascript-6:63977355:1:0:15:False:2020-09-20
24:ecmascript-6:63977125:0:1:45:True:2020-09-20
25:ecmascript-6:63971208:0:2:33:True:2020-09-19
26:ecmascript-6:63969860:0:1:343:True:2020-09-19
27:ecmascript-6:63963826:-1:1:127:True:2020-09-18
28:ecmascript-6:63958665:1:3:161:False:2020-09-18
29:ecmascript-6:63953810:1:3:83:False:2020-09-18
30:ecmascript-6:63949482:2:0:270:False:2020-09-18
31:ecmascript-6:63948352:1:1:280:False:2020-09-18
32:ecmascript-6:63943309:0:0:176:False:2020-09-17
33:ecmascript-6:63937438:0:2:33:False:2020-09-17
34:ecmascript-6:63935501:-1:2:148:False:2020-09-17
35:ecmascript-6:63931152:0:1:58:False:2020-09-17
36:ecmascript-6:63929113:0:2:204:False:2020-09-16
37:ecmascript-6:63925721:0:1:21:True:2020-09-16
38:ecmascript-6:63925157:1:0:65:False:2020-09-16
39:ecmascript-6:63919774:2:0:2000:False:2020-09-16
40:ecmascript-6:63919489:2:1:93:False:2020-09-16
41:ecmascript-6:63919019:0:1:57:True:2020-09-16
42:ecmascript-6:63916351:2:3:72:True:2020-09-16
43:ecmascript-6:63915352:0:2:40:True:2020-09-16
44:ecmascript-6:63914452:-2:2:31:True:2020-09-16
45:ecmascript-6:63913966:3:8:88:True:2020-09-16
46:ecmascript-6:63909610:1:2:71:False:2020-09-15
47:ecmascript-6:63909449:0:1:26:True:2020-09-15
48:ecmascript-6:63907152:2:3:108:True:2020-09-15
49:ecmascript-6:63890802:1:1:94:False:2020-09-14
:tag:id:vote:answer:views:accepted:date
0:ecmascript-6:63887423:0:2:70:True:2020-09-14
1:ecmascript-6:63886074:0:0:20:False:2020-09-14
2:ecmascript-6:63885600:0:0:21:False:2020-09-14
3:ecmascript-6:63885444:0:2:337:True:2020-09-14
4:ecmascript-6:63883119:3:2:411:True:2020-09-14
5:ecmascript-6:63880319:0:0:31:False:2020-09-14
6:ecmascript-6:63878049:-1:3:83:True:2020-09-14
7:ecmascript-6:63870901:-1:3:284:True:2020-09-13
8:ecmascript-6:63870721:0:1:117:True:2020-09-13
9:ecmascript-6:63869370:0:3:75:False:2020-09-13
10:ecmascript-6:63869170:3:0:39:False:2020-09-13
11:ecmascript-6:63866908:0:1:51:True:2020-09-13
12:ecmascript-6:63863850:-1:3:45:False:2020-09-12
13:ecmascript-6:63862855:3:1:45:True:2020-09-12
14:ecmascript-6:63858082:1:1:2000:False:2020-09-12
15:ecmascript-6:63854903:-2:1:39:True:2020-09-11
16:ecmascript-6:63850046:5:0:117:False:2020-09-11
17:ecmascript-6:63847661:0:1:28:False:2020-09-11
18:ecmascript-6:63836833:1:1:406:True:2020-09-10
19:ecmascript-6:63834017:1:3:46:True:2020-09-10
20:ecmascript-6:63833935:3:1:210:False:2020-09-10
21:ecmascript-6:63832906:2:1:29:True:2020-09-10
22:ecmascript-6:63831020:0:2:185:False:2020-09-10
23:ecmascript-6:63829970:1:3:54:True:2020-09-10
24:ecmascript-6:63826859:0:1:90:True:2020-09-10
25:ecmascript-6:63823015:1:0:131:False:2020-09-10
26:ecmascript-6:63822609:0:2:47:True:2020-09-10
27:ecmascript-6:63822587:0:0:19:False:2020-09-10
28:ecmascript-6:63822068:3:1:63:True:2020-09-10
29:ecmascript-6:63821249:-3:3:40:False:2020-09-10
30:ecmascript-6:63820823:4:3:417:True:2020-09-09
31:ecmascript-6:63819689:1:3:52:False:2020-09-09
32:ecmascript-6:63819337:0:0:59:False:2020-09-09
33:ecmascript-6:63806258:0:2:49:False:2020-09-09
34:ecmascript-6:63804714:1:2:216:False:2020-09-09
35:ecmascript-6:63804583:0:2:114:True:2020-09-09
36:ecmascript-6:63800784:0:1:40:True:2020-09-08
37:ecmascript-6:63800206:1:2:54:False:2020-09-08
38:ecmascript-6:63798246:0:4:97:True:2020-09-08
39:ecmascript-6:63797764:0:1:63:True:2020-09-08
40:ecmascript-6:63796397:0:2:224:True:2020-09-08
41:ecmascript-6:63796331:2:2:185:True:2020-09-08
42:ecmascript-6:63795814:1:3:364:True:2020-09-08
43:ecmascript-6:63794776:0:2:663:True:2020-09-08
44:ecmascript-6:63781582:1:1:90:True:2020-09-07
45:ecmascript-6:63779464:0:4:187:True:2020-09-07
46:ecmascript-6:63778240:2:3:119:False:2020-09-07
47:ecmascript-6:63777060:0:0:33:False:2020-09-07
48:ecmascript-6:63775733:-1:2:50:True:2020-09-07
49:ecmascript-6:63774641:2:4:108:True:2020-09-07
:tag:id:vote:answer:views:accepted:date
0:ecmascript-6:63771745:1:2:62:True:2020-09-07
1:ecmascript-6:63768536:0:1:19:False:2020-09-06
2:ecmascript-6:63757774:1:1:270:True:2020-09-05
3:ecmascript-6:63753712:1:3:743:False:2020-09-05
4:ecmascript-6:63749059:0:2:365:True:2020-09-04
5:ecmascript-6:63746204:2:1:238:True:2020-09-04
6:ecmascript-6:63742790:3:1:2000:False:2020-09-04
7:ecmascript-6:63741932:0:0:114:False:2020-09-04
8:ecmascript-6:63741897:0:1:221:True:2020-09-04
9:ecmascript-6:63741320:0:0:27:False:2020-09-04
10:ecmascript-6:63734387:1:0:30:False:2020-09-04
11:ecmascript-6:63732913:0:1:47:True:2020-09-03
12:ecmascript-6:63732721:1:3:58:True:2020-09-03
13:ecmascript-6:63730249:0:1:36:True:2020-09-03
14:ecmascript-6:63729236:-1:2:122:True:2020-09-03
15:ecmascript-6:63728446:0:1:104:True:2020-09-03
16:ecmascript-6:63728101:2:1:91:True:2020-09-03
17:ecmascript-6:63727856:0:1:49:False:2020-09-03
18:ecmascript-6:63725344:-2:3:40:False:2020-09-03
19:ecmascript-6:63723098:1:2:49:True:2020-09-03
20:ecmascript-6:63718845:2:2:76:True:2020-09-03
21:ecmascript-6:63718654:0:1:127:True:2020-09-03
22:ecmascript-6:63714911:0:3:40:True:2020-09-02
23:ecmascript-6:63709736:0:0:28:False:2020-09-02
24:ecmascript-6:63709001:11:8:195:True:2020-09-02
25:ecmascript-6:63707683:2:0:40:False:2020-09-02
26:ecmascript-6:63705325:1:2:83:True:2020-09-02
27:ecmascript-6:63699062:-2:2:28:False:2020-09-02
28:ecmascript-6:63698689:2:2:215:False:2020-09-02
29:ecmascript-6:63697250:0:1:52:True:2020-09-02
30:ecmascript-6:63694508:2:2:599:True:2020-09-01
31:ecmascript-6:63693565:0:1:32:False:2020-09-01
32:ecmascript-6:63693109:0:2:54:True:2020-09-01
33:ecmascript-6:63692459:0:1:210:False:2020-09-01
34:ecmascript-6:63692031:1:0:21:False:2020-09-01
35:ecmascript-6:63690125:0:1:383:False:2020-09-01
36:ecmascript-6:63689690:0:1:420:False:2020-09-01
37:ecmascript-6:63687327:0:2:25:False:2020-09-01
38:ecmascript-6:63686693:-1:1:27:True:2020-09-01
39:ecmascript-6:63684034:0:3:69:True:2020-09-01
40:ecmascript-6:63683830:1:1:33:True:2020-09-01
41:ecmascript-6:63683535:0:1:275:True:2020-09-01
42:ecmascript-6:63682639:2:1:3000:False:2020-09-01
43:ecmascript-6:63682369:0:0:147:False:2020-09-01
44:ecmascript-6:63678523:0:1:143:False:2020-08-31
45:ecmascript-6:63677863:-1:1:67:False:2020-08-31
46:ecmascript-6:63673506:0:2:79:False:2020-08-31
47:ecmascript-6:63672428:0:1:142:True:2020-08-31
48:ecmascript-6:63667256:0:1:40:False:2020-08-31
49:ecmascript-6:63665970:2:3:58:True:2020-08-31
:tag:id:vote:answer:views:accepted:date
0:ecmascript-6:63665294:0:0:49:False:2020-08-31
1:ecmascript-6:63662374:0:1:31:False:2020-08-30
2:ecmascript-6:63662255:0:0:191:False:2020-08-30
3:ecmascript-6:63658416:0:1:102:True:2020-08-30
4:ecmascript-6:63655641:0:3:63:False:2020-08-30
5:ecmascript-6:63653769:0:3:53:True:2020-08-30
6:ecmascript-6:63652748:0:2:38:True:2020-08-29
7:ecmascript-6:63651271:0:2:59:True:2020-08-29
8:ecmascript-6:63651145:1:1:25:True:2020-08-29
9:ecmascript-6:63650441:1:2:39:False:2020-08-29
10:ecmascript-6:63650153:0:0:25:False:2020-08-29
11:ecmascript-6:63648973:0:1:32:False:2020-08-29
12:ecmascript-6:63648257:0:0:39:False:2020-08-29
13:ecmascript-6:63645274:1:2:48:True:2020-08-29
14:ecmascript-6:63640907:0:2:43:True:2020-08-28
15:ecmascript-6:63640625:0:1:39:True:2020-08-28
16:ecmascript-6:63640513:0:1:132:True:2020-08-28
17:ecmascript-6:63638059:0:2:186:True:2020-08-28
18:ecmascript-6:63634874:1:1:19:False:2020-08-28
19:ecmascript-6:63634637:-1:1:44:True:2020-08-28
20:ecmascript-6:63632273:0:0:252:False:2020-08-28
21:ecmascript-6:63632142:0:2:115:False:2020-08-28
22:ecmascript-6:63630486:0:2:72:True:2020-08-28
23:ecmascript-6:63629736:0:0:46:False:2020-08-28
24:ecmascript-6:63629629:2:0:105:False:2020-08-28
25:ecmascript-6:63628199:2:3:97:True:2020-08-28
26:ecmascript-6:63626532:1:1:57:False:2020-08-28
27:ecmascript-6:63625422:0:2:46:True:2020-08-27
28:ecmascript-6:63624474:2:1:498:False:2020-08-27
29:ecmascript-6:63622795:1:1:28:True:2020-08-27
30:ecmascript-6:63617949:1:3:69:True:2020-08-27
31:ecmascript-6:63617369:1:0:46:False:2020-08-27
32:ecmascript-6:63615166:0:1:27:True:2020-08-27
33:ecmascript-6:63614792:1:3:51:True:2020-08-27
34:ecmascript-6:63613542:2:0:48:False:2020-08-27
35:ecmascript-6:63613255:0:1:54:True:2020-08-27
36:ecmascript-6:63609594:1:0:209:False:2020-08-27
37:ecmascript-6:63609452:3:5:171:True:2020-08-27
38:ecmascript-6:63608645:0:4:52:True:2020-08-27
39:ecmascript-6:63605836:0:0:172:False:2020-08-26
40:ecmascript-6:63604051:2:1:39:True:2020-08-26
41:ecmascript-6:63601184:0:1:20:True:2020-08-26
42:ecmascript-6:63597311:0:2:72:True:2020-08-26
43:ecmascript-6:63596017:1:2:1000:True:2020-08-26
44:ecmascript-6:63595841:0:3:296:True:2020-08-26
45:ecmascript-6:63590687:2:1:54:True:2020-08-26
46:ecmascript-6:63580885:0:1:277:True:2020-08-25
47:ecmascript-6:63580442:0:4:36:False:2020-08-25
48:ecmascript-6:63579412:0:1:77:True:2020-08-25
49:ecmascript-6:63578560:1:2:55:True:2020-08-25
:tag:id:vote:answer:views:accepted:date
0:ecmascript-6:63577879:0:1:58:False:2020-08-25
1:ecmascript-6:63577252:1:1:36:False:2020-08-25
2:ecmascript-6:63570266:0:1:184:True:2020-08-25
3:ecmascript-6:63567411:1:2:2000:False:2020-08-24
4:ecmascript-6:63567258:0:2:99:True:2020-08-24
5:ecmascript-6:63566471:2:1:52:True:2020-08-24
6:ecmascript-6:63566070:1:6:478:False:2020-08-24
7:ecmascript-6:63562959:1:0:67:False:2020-08-24
8:ecmascript-6:63561754:1:1:797:True:2020-08-24
9:ecmascript-6:63559369:0:0:96:False:2020-08-24
10:ecmascript-6:63557582:0:4:517:True:2020-08-24
11:ecmascript-6:63557466:2:0:49:False:2020-08-24
12:ecmascript-6:63554995:0:2:2000:False:2020-08-24
13:ecmascript-6:63553474:0:1:26:False:2020-08-24
14:ecmascript-6:63552804:0:1:291:False:2020-08-23
15:ecmascript-6:63550064:0:1:990:False:2020-08-23
16:ecmascript-6:63549730:2:1:117:False:2020-08-23
17:ecmascript-6:63547357:0:4:568:False:2020-08-23
18:ecmascript-6:63543265:0:1:84:True:2020-08-23
19:ecmascript-6:63536549:0:2:51:True:2020-08-22
20:ecmascript-6:63534660:1:1:65:True:2020-08-22
21:ecmascript-6:63531979:5:2:52:True:2020-08-22
22:ecmascript-6:63530181:0:0:35:False:2020-08-21
23:ecmascript-6:63529474:1:1:485:True:2020-08-21
24:ecmascript-6:63527373:1:4:1000:True:2020-08-21
25:ecmascript-6:63527139:-2:1:45:True:2020-08-21
26:ecmascript-6:63522442:0:1:75:True:2020-08-21
27:ecmascript-6:63521139:2:4:169:True:2020-08-21
28:ecmascript-6:63520227:-2:1:125:False:2020-08-21
29:ecmascript-6:63519987:1:2:40:False:2020-08-21
30:ecmascript-6:63519755:0:1:39:False:2020-08-21
31:ecmascript-6:63517766:1:1:30:False:2020-08-21
32:ecmascript-6:63513953:2:2:140:True:2020-08-20
33:ecmascript-6:63510983:0:1:70:True:2020-08-20
34:ecmascript-6:63509235:2:2:331:False:2020-08-20
35:ecmascript-6:63507706:0:1:38:False:2020-08-20
36:ecmascript-6:63503088:0:0:19:False:2020-08-20
37:ecmascript-6:63499146:0:1:51:True:2020-08-20
38:ecmascript-6:63498862:2:0:254:False:2020-08-20
39:ecmascript-6:63498100:0:1:56:True:2020-08-20
40:ecmascript-6:63497749:0:1:39:True:2020-08-20
41:ecmascript-6:63497503:-4:1:387:True:2020-08-20
42:ecmascript-6:63495154:1:1:362:False:2020-08-19
43:ecmascript-6:63491357:0:2:166:True:2020-08-19
44:ecmascript-6:63485425:4:4:59:True:2020-08-19
45:ecmascript-6:63483839:0:3:42:True:2020-08-19
46:ecmascript-6:63482698:0:1:131:False:2020-08-19
47:ecmascript-6:63480897:1:3:88:True:2020-08-19
48:ecmascript-6:63479580:1:0:585:False:2020-08-19
49:ecmascript-6:63478554:0:2:55:True:2020-08-19
:tag:id:vote:answer:views:accepted:date
0:ecmascript-6:63477829:-1:1:44:False:2020-08-18
1:ecmascript-6:63476917:1:1:62:True:2020-08-18
2:ecmascript-6:63474810:-2:1:82:True:2020-08-18
3:ecmascript-6:63472978:-1:1:53:True:2020-08-18
4:ecmascript-6:63472492:-4:2:42:True:2020-08-18
5:ecmascript-6:63472275:1:3:391:True:2020-08-18
6:ecmascript-6:63472107:-3:1:222:True:2020-08-18
7:ecmascript-6:63470786:2:2:100:False:2020-08-18
8:ecmascript-6:63468530:1:2:68:True:2020-08-18
9:ecmascript-6:63468093:0:0:28:False:2020-08-18
10:ecmascript-6:63467205:-1:1:44:True:2020-08-18
11:ecmascript-6:63466805:2:1:89:True:2020-08-18
12:ecmascript-6:63465984:-1:1:348:False:2020-08-18
13:ecmascript-6:63465788:-1:2:41:False:2020-08-18
14:ecmascript-6:63465622:0:0:49:False:2020-08-18
15:ecmascript-6:63464907:0:2:145:True:2020-08-18
16:ecmascript-6:63464398:1:1:372:False:2020-08-18
17:ecmascript-6:63462851:1:1:74:True:2020-08-18
18:ecmascript-6:63461102:3:1:97:True:2020-08-18
19:ecmascript-6:63460877:2:1:249:True:2020-08-18
20:ecmascript-6:63458586:1:3:66:False:2020-08-17
21:ecmascript-6:63456567:0:2:1000:True:2020-08-17
22:ecmascript-6:63454799:1:1:110:False:2020-08-17
23:ecmascript-6:63453887:1:1:110:False:2020-08-17
24:ecmascript-6:63453224:0:3:173:True:2020-08-17
25:ecmascript-6:63448060:1:2:497:True:2020-08-17
26:ecmascript-6:63447224:0:1:55:True:2020-08-17
27:ecmascript-6:63445099:-1:3:43:True:2020-08-17
28:ecmascript-6:63442803:0:0:38:False:2020-08-16
29:ecmascript-6:63438597:0:2:69:True:2020-08-16
30:ecmascript-6:63438242:0:3:432:True:2020-08-16
31:ecmascript-6:63435091:0:0:211:False:2020-08-16
32:ecmascript-6:63433315:0:1:113:False:2020-08-16
33:ecmascript-6:63429697:4:6:62:True:2020-08-15
34:ecmascript-6:63428001:0:1:46:False:2020-08-15
35:ecmascript-6:63425714:1:3:80:True:2020-08-15
36:ecmascript-6:63424559:2:2:169:True:2020-08-15
37:ecmascript-6:63424232:1:1:56:False:2020-08-15
38:ecmascript-6:63423328:2:1:211:False:2020-08-15
39:ecmascript-6:63423138:1:1:67:False:2020-08-15
40:ecmascript-6:63420488:0:1:28:True:2020-08-14
41:ecmascript-6:63419571:1:2:53:True:2020-08-14
42:ecmascript-6:63418226:-1:2:90:True:2020-08-14
43:ecmascript-6:63417636:0:2:53:False:2020-08-14
44:ecmascript-6:63416849:0:1:48:True:2020-08-14
45:ecmascript-6:63411373:0:1:131:False:2020-08-14
46:ecmascript-6:63408007:7:6:371:True:2020-08-14
47:ecmascript-6:63407048:1:4:1000:True:2020-08-14
48:ecmascript-6:63405957:3:1:110:True:2020-08-14
49:ecmascript-6:63405879:2:1:95:False:2020-08-14
:tag:id:vote:answer:views:accepted:date
0:ecmascript-6:63403885:1:0:127:False:2020-08-13
1:ecmascript-6:63401259:0:1:49:False:2020-08-13
2:ecmascript-6:63400811:0:1:126:False:2020-08-13
3:ecmascript-6:63399914:-1:2:56:True:2020-08-13
4:ecmascript-6:63399672:0:1:85:False:2020-08-13
5:ecmascript-6:63393662:0:1:182:False:2020-08-13
6:ecmascript-6:63393426:0:1:49:False:2020-08-13
7:ecmascript-6:63393147:1:1:48:False:2020-08-13
8:ecmascript-6:63392443:3:1:993:False:2020-08-13
9:ecmascript-6:63391854:2:0:186:False:2020-08-13
10:ecmascript-6:63390434:0:1:100:False:2020-08-13
11:ecmascript-6:63389404:-1:1:31:False:2020-08-13
12:ecmascript-6:63389105:0:0:179:False:2020-08-13
13:ecmascript-6:63388910:0:0:210:False:2020-08-13
14:ecmascript-6:63388138:0:1:38:False:2020-08-13
15:ecmascript-6:63386294:0:1:61:False:2020-08-13
16:ecmascript-6:63385755:0:2:27:False:2020-08-12
17:ecmascript-6:63381330:-1:1:40:True:2020-08-12
18:ecmascript-6:63380179:1:3:415:True:2020-08-12
19:ecmascript-6:63374904:0:1:754:False:2020-08-12
20:ecmascript-6:63368947:0:2:76:True:2020-08-12
21:ecmascript-6:63368630:0:1:400:False:2020-08-12
22:ecmascript-6:63368414:0:3:52:True:2020-08-12
23:ecmascript-6:63360343:0:0:36:False:2020-08-11
24:ecmascript-6:63358890:0:2:495:True:2020-08-11
25:ecmascript-6:63356198:0:0:25:False:2020-08-11
26:ecmascript-6:63351720:0:1:36:True:2020-08-11
27:ecmascript-6:63350362:0:0:36:False:2020-08-11
28:ecmascript-6:63345048:0:1:24:True:2020-08-10
29:ecmascript-6:63343887:0:1:22:False:2020-08-10
30:ecmascript-6:63341735:0:1:252:False:2020-08-10
31:ecmascript-6:63341174:0:1:29:False:2020-08-10
32:ecmascript-6:63339620:1:2:631:False:2020-08-10
33:ecmascript-6:63339224:0:2:58:True:2020-08-10
34:ecmascript-6:63337087:0:2:1000:True:2020-08-10
35:ecmascript-6:63333717:2:3:889:True:2020-08-10
36:ecmascript-6:63328845:0:0:33:False:2020-08-09
37:ecmascript-6:63327964:0:1:248:False:2020-08-09
38:ecmascript-6:63327658:1:1:3000:True:2020-08-09
39:ecmascript-6:63326638:0:1:612:True:2020-08-09
40:ecmascript-6:63325526:0:1:166:False:2020-08-09
41:ecmascript-6:63322597:0:2:305:False:2020-08-09
42:ecmascript-6:63320866:-1:1:42:False:2020-08-08
43:ecmascript-6:63317208:0:2:62:True:2020-08-08
44:ecmascript-6:63317051:3:3:22000:False:2020-08-08
45:ecmascript-6:63309980:0:2:59:True:2020-08-07
46:ecmascript-6:63308217:0:0:104:False:2020-08-07
47:ecmascript-6:63307361:0:0:55:False:2020-08-07
48:ecmascript-6:63303655:0:3:714:True:2020-08-07
49:ecmascript-6:63299796:1:1:24:False:2020-08-07
:tag:id:vote:answer:views:accepted:date
0:ecmascript-6:63297624:1:3:681:False:2020-08-07
1:ecmascript-6:63292515:0:1:148:False:2020-08-06
2:ecmascript-6:63292291:0:1:40:True:2020-08-06
3:ecmascript-6:63291063:0:3:38:True:2020-08-06
4:ecmascript-6:63290938:0:3:65:True:2020-08-06
5:ecmascript-6:63288648:0:4:37:True:2020-08-06
6:ecmascript-6:63287203:0:1:33:True:2020-08-06
7:ecmascript-6:63286069:0:0:128:False:2020-08-06
8:ecmascript-6:63285803:0:2:44:False:2020-08-06
9:ecmascript-6:63285125:0:3:50:False:2020-08-06
10:ecmascript-6:63284948:2:1:68:False:2020-08-06
11:ecmascript-6:63284616:19:11:364:True:2020-08-06
12:ecmascript-6:63284343:0:0:80:False:2020-08-06
13:ecmascript-6:63282861:0:2:221:False:2020-08-06
14:ecmascript-6:63282290:0:2:179:False:2020-08-06
15:ecmascript-6:63278394:0:3:66:False:2020-08-06
16:ecmascript-6:63277924:0:1:34:True:2020-08-06
17:ecmascript-6:63274369:0:2:40:False:2020-08-05
18:ecmascript-6:63274303:0:0:8:False:2020-08-05
19:ecmascript-6:63274243:2:1:161:False:2020-08-05
20:ecmascript-6:63270453:0:1:12:True:2020-08-05
21:ecmascript-6:63268695:2:1:37:True:2020-08-05
22:ecmascript-6:63266711:0:3:195:True:2020-08-05
23:ecmascript-6:63265980:2:2:57:True:2020-08-05
24:ecmascript-6:63264224:0:1:33:True:2020-08-05
25:ecmascript-6:63263698:0:0:39:False:2020-08-05
26:ecmascript-6:63260170:1:0:31:False:2020-08-05
27:ecmascript-6:63258386:1:0:30:False:2020-08-05
28:ecmascript-6:63258062:2:3:454:False:2020-08-05
29:ecmascript-6:63251331:1:0:49:False:2020-08-04
30:ecmascript-6:63251176:-2:3:66:True:2020-08-04
31:ecmascript-6:63250954:1:1:37:True:2020-08-04
32:ecmascript-6:63250781:1:1:193:False:2020-08-04
33:ecmascript-6:63242710:3:0:202:False:2020-08-04
34:ecmascript-6:63242623:0:2:45:False:2020-08-04
35:ecmascript-6:63240845:2:4:34:True:2020-08-04
36:ecmascript-6:63240478:-1:1:65:False:2020-08-04
37:ecmascript-6:63240098:0:1:47:False:2020-08-04
38:ecmascript-6:63235255:0:2:47:True:2020-08-03
39:ecmascript-6:63234704:0:1:41:True:2020-08-03
40:ecmascript-6:63234260:0:0:48:False:2020-08-03
41:ecmascript-6:63232684:0:0:34:False:2020-08-03
42:ecmascript-6:63231823:0:1:551:True:2020-08-03
43:ecmascript-6:63231412:0:5:69:True:2020-08-03
44:ecmascript-6:63224143:0:1:303:True:2020-08-03
45:ecmascript-6:63221839:2:2:45:True:2020-08-02
46:ecmascript-6:63221509:0:1:31:False:2020-08-02
47:ecmascript-6:63218897:0:1:706:True:2020-08-02
48:ecmascript-6:63216973:0:5:353:True:2020-08-02
49:ecmascript-6:63212570:0:1:80:True:2020-08-02
:tag:id:vote:answer:views:accepted:date
0:ecmascript-6:63211646:1:2:284:False:2020-08-02
1:ecmascript-6:63209361:1:3:51:False:2020-08-01
2:ecmascript-6:63208041:1:2:41:False:2020-08-01
3:ecmascript-6:63206895:1:0:41:False:2020-08-01
4:ecmascript-6:63205193:0:2:37:True:2020-08-01
5:ecmascript-6:63203139:0:3:759:False:2020-08-01
6:ecmascript-6:63199743:1:1:52:True:2020-07-31
7:ecmascript-6:63199653:2:3:98:False:2020-07-31
8:ecmascript-6:63198861:9:1:1000:False:2020-07-31
9:ecmascript-6:63197805:-3:3:85:True:2020-07-31
10:ecmascript-6:63197405:1:1:51:False:2020-07-31
11:ecmascript-6:63197326:1:3:2000:True:2020-07-31
12:ecmascript-6:63196594:1:4:2000:True:2020-07-31
13:ecmascript-6:63190378:1:0:88:False:2020-07-31
14:ecmascript-6:63187794:2:4:313:True:2020-07-31
15:ecmascript-6:63187680:8:2:240:True:2020-07-31
16:ecmascript-6:63186762:2:2:80:True:2020-07-31
17:ecmascript-6:63186211:0:1:23:True:2020-07-31
18:ecmascript-6:63181211:0:1:361:True:2020-07-30
19:ecmascript-6:63179867:4:4:1000:True:2020-07-30
20:ecmascript-6:63177552:0:0:45:False:2020-07-30
21:ecmascript-6:63176719:1:2:62:True:2020-07-30
22:ecmascript-6:63172192:1:1:72:True:2020-07-30
23:ecmascript-6:63171552:0:3:59:True:2020-07-30
24:ecmascript-6:63171184:0:1:101:False:2020-07-30
25:ecmascript-6:63170317:0:1:544:True:2020-07-30
26:ecmascript-6:63168993:1:1:532:False:2020-07-30
27:ecmascript-6:63168740:0:1:51:True:2020-07-30
28:ecmascript-6:63168680:0:2:88:False:2020-07-30
29:ecmascript-6:63167043:1:1:67:True:2020-07-30
30:ecmascript-6:63166871:0:1:98:True:2020-07-30
31:ecmascript-6:63166230:1:3:62:True:2020-07-30
32:ecmascript-6:63162041:0:1:28:True:2020-07-29
33:ecmascript-6:63158469:0:1:26:False:2020-07-29
34:ecmascript-6:63157664:0:3:48:False:2020-07-29
35:ecmascript-6:63155120:0:1:16:False:2020-07-29
36:ecmascript-6:63154294:1:1:44:True:2020-07-29
37:ecmascript-6:63153204:0:1:65:True:2020-07-29
38:ecmascript-6:63153098:-2:2:98:True:2020-07-29
39:ecmascript-6:63151547:4:0:82:False:2020-07-29
40:ecmascript-6:63150493:1:4:47:True:2020-07-29
41:ecmascript-6:63150249:0:0:26:False:2020-07-29
42:ecmascript-6:63149867:1:1:27:True:2020-07-29
43:ecmascript-6:63148667:0:0:114:False:2020-07-29
44:ecmascript-6:63147921:2:4:48:True:2020-07-29
45:ecmascript-6:63147331:4:2:65:True:2020-07-29
46:ecmascript-6:63147251:1:1:146:True:2020-07-29
47:ecmascript-6:63144649:1:1:45:True:2020-07-29
48:ecmascript-6:63143785:1:1:278:True:2020-07-28
49:ecmascript-6:63142544:0:2:463:True:2020-07-28
:tag:id:vote:answer:views:accepted:date
0:ecmascript-6:63142242:0:1:64:False:2020-07-28
1:ecmascript-6:63138171:1:2:58:False:2020-07-28
2:ecmascript-6:63137683:0:1:46:True:2020-07-28
3:ecmascript-6:63136052:1:1:27:True:2020-07-28
4:ecmascript-6:63134515:0:0:53:False:2020-07-28
5:ecmascript-6:63134314:0:1:50:True:2020-07-28
6:ecmascript-6:63133241:2:2:287:False:2020-07-28
7:ecmascript-6:63132400:0:2:48:True:2020-07-28
8:ecmascript-6:63131107:2:1:114:True:2020-07-28
9:ecmascript-6:63129798:2:3:48:False:2020-07-28
10:ecmascript-6:63129308:-1:2:97:False:2020-07-28
11:ecmascript-6:63128649:1:2:42:False:2020-07-28
12:ecmascript-6:63126381:0:1:37:True:2020-07-28
13:ecmascript-6:63124201:0:1:25:False:2020-07-27
14:ecmascript-6:63123135:1:2:334:False:2020-07-27
15:ecmascript-6:63122451:1:4:72:True:2020-07-27
16:ecmascript-6:63121853:1:4:64:True:2020-07-27
17:ecmascript-6:63121094:0:1:409:True:2020-07-27
18:ecmascript-6:63120117:1:3:152:True:2020-07-27
19:ecmascript-6:63119797:0:1:42:True:2020-07-27
20:ecmascript-6:63118369:3:3:45:True:2020-07-27
21:ecmascript-6:63116039:9:4:6000:True:2020-07-27
22:ecmascript-6:63114322:1:3:44:True:2020-07-27
23:ecmascript-6:63111065:0:2:57:True:2020-07-27
24:ecmascript-6:63109872:0:1:28:False:2020-07-27
25:ecmascript-6:63107901:1:1:45:True:2020-07-27
26:ecmascript-6:63106855:0:1:513:True:2020-07-26
27:ecmascript-6:63105318:0:1:45:False:2020-07-26
28:ecmascript-6:63103358:0:7:102:True:2020-07-26
29:ecmascript-6:63102685:7:4:3000:True:2020-07-26
30:ecmascript-6:63101461:-1:3:60:True:2020-07-26
31:ecmascript-6:63098706:0:2:60:True:2020-07-26
32:ecmascript-6:63092350:0:1:21:True:2020-07-25
33:ecmascript-6:63089269:0:2:141:True:2020-07-25
34:ecmascript-6:63088164:-1:1:5000:True:2020-07-25
35:ecmascript-6:63085025:1:2:54:True:2020-07-25
36:ecmascript-6:63083962:-1:1:38:False:2020-07-25
37:ecmascript-6:63082673:0:2:141:False:2020-07-24
38:ecmascript-6:63080614:2:3:203:True:2020-07-24
39:ecmascript-6:63078169:0:5:71:False:2020-07-24
40:ecmascript-6:63077403:1:1:375:True:2020-07-24
41:ecmascript-6:63076281:1:1:34:True:2020-07-24
42:ecmascript-6:63068409:0:3:55:False:2020-07-24
43:ecmascript-6:63067300:0:1:164:True:2020-07-24
44:ecmascript-6:63066877:0:3:464:True:2020-07-24
45:ecmascript-6:63066281:2:1:58:True:2020-07-24
46:ecmascript-6:63065301:3:3:91:False:2020-07-24
47:ecmascript-6:63060106:1:2:911:False:2020-07-23
48:ecmascript-6:63057216:0:2:589:True:2020-07-23
49:ecmascript-6:63056627:0:1:71:True:2020-07-23
:tag:id:vote:answer:views:accepted:date
0:ecmascript-6:63055611:0:1:35:True:2020-07-23
1:ecmascript-6:63052368:-3:1:35:False:2020-07-23
2:ecmascript-6:63051866:0:0:32:False:2020-07-23
3:ecmascript-6:63051289:0:1:550:True:2020-07-23
4:ecmascript-6:63050642:1:1:43:False:2020-07-23
5:ecmascript-6:63046132:1:3:4000:True:2020-07-23
6:ecmascript-6:63042535:1:2:159:True:2020-07-22
7:ecmascript-6:63040948:0:1:102:True:2020-07-22
8:ecmascript-6:63040643:1:2:148:True:2020-07-22
9:ecmascript-6:63040041:0:3:123:True:2020-07-22
10:ecmascript-6:63038079:1:2:58:True:2020-07-22
11:ecmascript-6:63037661:3:2:2000:False:2020-07-22
12:ecmascript-6:63037625:0:2:271:False:2020-07-22
13:ecmascript-6:63037343:0:1:26:False:2020-07-22
14:ecmascript-6:63036860:0:2:55:True:2020-07-22
15:ecmascript-6:63036089:-2:2:58:True:2020-07-22
16:ecmascript-6:63035210:2:3:55:True:2020-07-22
17:ecmascript-6:63031613:1:0:78:False:2020-07-22
18:ecmascript-6:63031477:0:0:19:False:2020-07-22
19:ecmascript-6:63031108:2:4:6000:True:2020-07-22
20:ecmascript-6:63028588:0:2:293:True:2020-07-22
21:ecmascript-6:63025376:1:1:598:False:2020-07-22
22:ecmascript-6:63024746:-2:2:51:False:2020-07-21
23:ecmascript-6:63023941:0:0:198:False:2020-07-21
24:ecmascript-6:63015954:0:5:2000:False:2020-07-21
25:ecmascript-6:63015468:0:0:30:False:2020-07-21
26:ecmascript-6:63014443:1:1:50:True:2020-07-21
27:ecmascript-6:63013411:0:4:74:True:2020-07-21
28:ecmascript-6:63010648:0:3:110:False:2020-07-21
29:ecmascript-6:63008601:0:1:86:False:2020-07-21
30:ecmascript-6:63001895:0:3:333:False:2020-07-20
31:ecmascript-6:63001659:3:1:637:False:2020-07-20
32:ecmascript-6:63000006:0:0:27:False:2020-07-20
33:ecmascript-6:62999332:-1:1:32:False:2020-07-20
34:ecmascript-6:62999237:0:2:95:True:2020-07-20
35:ecmascript-6:62997014:0:1:369:True:2020-07-20
36:ecmascript-6:62996302:1:2:179:True:2020-07-20
37:ecmascript-6:62996131:1:1:42:True:2020-07-20
38:ecmascript-6:62993198:3:1:325:True:2020-07-20
39:ecmascript-6:62992728:0:0:30:False:2020-07-20
40:ecmascript-6:62991174:-1:1:21:True:2020-07-20
41:ecmascript-6:62984901:0:1:39:False:2020-07-19
42:ecmascript-6:62982475:0:1:333:False:2020-07-19
43:ecmascript-6:62979254:2:2:158:False:2020-07-19
44:ecmascript-6:62979201:0:1:43:True:2020-07-19
45:ecmascript-6:62977046:0:3:76:False:2020-07-19
46:ecmascript-6:62972418:1:1:95:True:2020-07-18
47:ecmascript-6:62970366:0:1:736:True:2020-07-18
48:ecmascript-6:62969914:1:2:45:True:2020-07-18
49:ecmascript-6:62967707:0:1:43:False:2020-07-18
:tag:id:vote:answer:views:accepted:date
0:ecmascript-6:62967197:0:1:30:False:2020-07-18
1:ecmascript-6:62966934:0:1:42:True:2020-07-18
2:ecmascript-6:62965268:1:2:64:False:2020-07-18
3:ecmascript-6:62961577:-1:1:64:True:2020-07-17
4:ecmascript-6:62959402:1:2:39:True:2020-07-17
5:ecmascript-6:62958873:2:1:108:True:2020-07-17
6:ecmascript-6:62954727:0:1:29:False:2020-07-17
7:ecmascript-6:62953751:3:0:849:False:2020-07-17
8:ecmascript-6:62944750:1:1:257:False:2020-07-16
9:ecmascript-6:62944461:1:1:37:False:2020-07-16
10:ecmascript-6:62941744:2:3:2000:False:2020-07-16
11:ecmascript-6:62939106:-1:3:82:True:2020-07-16
12:ecmascript-6:62937981:0:0:26:False:2020-07-16
13:ecmascript-6:62937658:5:1:209:False:2020-07-16
14:ecmascript-6:62936150:1:1:282:True:2020-07-16
15:ecmascript-6:62935856:0:1:64:False:2020-07-16
16:ecmascript-6:62934399:-1:2:69:False:2020-07-16
17:ecmascript-6:62933547:2:3:55:False:2020-07-16
18:ecmascript-6:62933102:0:1:49:False:2020-07-16
19:ecmascript-6:62932732:1:3:4000:True:2020-07-16
20:ecmascript-6:62932353:0:1:35:False:2020-07-16
21:ecmascript-6:62931118:0:1:86:True:2020-07-16
22:ecmascript-6:62930319:0:2:186:False:2020-07-16
23:ecmascript-6:62924881:-1:2:339:False:2020-07-15
24:ecmascript-6:62922445:1:1:196:True:2020-07-15
25:ecmascript-6:62920790:-1:1:34:False:2020-07-15
26:ecmascript-6:62918207:3:0:522:False:2020-07-15
27:ecmascript-6:62917922:0:0:39:False:2020-07-15
28:ecmascript-6:62916784:2:2:5000:True:2020-07-15
29:ecmascript-6:62915867:-1:1:103:True:2020-07-15
30:ecmascript-6:62915236:0:3:131:True:2020-07-15
31:ecmascript-6:62914878:0:1:30:True:2020-07-15
32:ecmascript-6:62913777:1:1:45:True:2020-07-15
33:ecmascript-6:62912551:1:2:33:False:2020-07-15
34:ecmascript-6:62911715:2:3:293:False:2020-07-15
35:ecmascript-6:62910519:0:0:52:False:2020-07-15
36:ecmascript-6:62909522:2:1:214:True:2020-07-15
37:ecmascript-6:62908575:1:2:57:True:2020-07-15
38:ecmascript-6:62906597:5:3:6000:True:2020-07-15
39:ecmascript-6:62905565:5:1:19000:True:2020-07-14
40:ecmascript-6:62904131:1:0:63:False:2020-07-14
41:ecmascript-6:62901890:-2:2:48:True:2020-07-14
42:ecmascript-6:62901401:0:0:33:False:2020-07-14
43:ecmascript-6:62900709:1:0:52:False:2020-07-14
44:ecmascript-6:62889103:1:5:483:True:2020-07-14
45:ecmascript-6:62888763:2:1:234:False:2020-07-14
46:ecmascript-6:62888215:-1:5:113:False:2020-07-14
47:ecmascript-6:62887642:5:4:144:True:2020-07-14
48:ecmascript-6:62886563:2:5:277:True:2020-07-14
49:ecmascript-6:62885697:2:0:448:False:2020-07-13
:tag:id:vote:answer:views:accepted:date
0:ecmascript-6:62884727:0:2:35:False:2020-07-13
1:ecmascript-6:62879290:0:2:208:True:2020-07-13
2:ecmascript-6:62878875:1:1:39:False:2020-07-13
3:ecmascript-6:62877730:0:0:240:False:2020-07-13
4:ecmascript-6:62877403:0:2:142:False:2020-07-13
5:ecmascript-6:62877352:0:2:37:True:2020-07-13
6:ecmascript-6:62875597:1:0:87:False:2020-07-13
7:ecmascript-6:62874281:0:0:56:False:2020-07-13
8:ecmascript-6:62872718:3:2:4000:False:2020-07-13
9:ecmascript-6:62872231:-1:2:37:True:2020-07-13
10:ecmascript-6:62870758:-1:1:39:True:2020-07-13
11:ecmascript-6:62866450:1:3:69:True:2020-07-12
12:ecmascript-6:62864483:1:1:2000:True:2020-07-12
13:ecmascript-6:62864129:0:2:41:True:2020-07-12
14:ecmascript-6:62861481:0:1:88:True:2020-07-12
15:ecmascript-6:62857800:0:1:27:False:2020-07-12
16:ecmascript-6:62857372:0:4:40:False:2020-07-12
17:ecmascript-6:62855484:1:1:153:False:2020-07-11
18:ecmascript-6:62855261:1:2:753:True:2020-07-11
19:ecmascript-6:62855201:2:1:191:False:2020-07-11
20:ecmascript-6:62854751:0:2:359:True:2020-07-11
21:ecmascript-6:62852578:0:2:93:True:2020-07-11
22:ecmascript-6:62849987:1:1:120:False:2020-07-11
23:ecmascript-6:62849383:2:0:152:False:2020-07-11
24:ecmascript-6:62847595:0:1:34:True:2020-07-11
25:ecmascript-6:62846252:0:2:43:True:2020-07-11
26:ecmascript-6:62845904:0:1:32:False:2020-07-11
27:ecmascript-6:62842314:2:1:86:True:2020-07-10
28:ecmascript-6:62842277:1:0:190:False:2020-07-10
29:ecmascript-6:62841428:0:2:411:True:2020-07-10
30:ecmascript-6:62841104:1:1:372:True:2020-07-10
31:ecmascript-6:62837588:0:2:85:True:2020-07-10
32:ecmascript-6:62833452:1:4:137:True:2020-07-10
33:ecmascript-6:62833301:0:3:48:True:2020-07-10
34:ecmascript-6:62831648:0:1:50:True:2020-07-10
35:ecmascript-6:62831621:0:3:40:True:2020-07-10
36:ecmascript-6:62830324:0:2:297:True:2020-07-10
37:ecmascript-6:62830068:1:1:99:True:2020-07-10
38:ecmascript-6:62827520:0:1:43:False:2020-07-10
39:ecmascript-6:62827155:3:4:110:True:2020-07-10
40:ecmascript-6:62821333:-2:2:40:False:2020-07-09
41:ecmascript-6:62820650:0:1:65:False:2020-07-09
42:ecmascript-6:62819697:0:2:25:True:2020-07-09
43:ecmascript-6:62817789:0:3:123:True:2020-07-09
44:ecmascript-6:62817275:0:3:238:False:2020-07-09
45:ecmascript-6:62812380:0:1:43:False:2020-07-09
46:ecmascript-6:62809412:0:1:340:True:2020-07-09
47:ecmascript-6:62809035:-3:1:74:True:2020-07-09
48:ecmascript-6:62808069:0:3:73:True:2020-07-09
49:ecmascript-6:62807568:0:1:49:True:2020-07-09
:tag:id:vote:answer:views:accepted:date
0:ecmascript-6:62806285:0:3:34:True:2020-07-09
1:ecmascript-6:62806172:0:2:192:True:2020-07-09
2:ecmascript-6:62805785:0:1:32:True:2020-07-09
3:ecmascript-6:62804191:2:4:46:True:2020-07-08
4:ecmascript-6:62793984:1:1:78:True:2020-07-08
5:ecmascript-6:62792456:-1:1:226:False:2020-07-08
6:ecmascript-6:62790999:2:1:464:False:2020-07-08
7:ecmascript-6:62790695:0:1:39:True:2020-07-08
8:ecmascript-6:62788854:0:2:95:True:2020-07-08
9:ecmascript-6:62786525:1:1:30:True:2020-07-08
10:ecmascript-6:62785615:1:4:74:True:2020-07-08
11:ecmascript-6:62785120:0:1:66:True:2020-07-07
12:ecmascript-6:62785036:-1:1:15:False:2020-07-07
13:ecmascript-6:62784786:2:1:34:True:2020-07-07
14:ecmascript-6:62782908:0:1:21:False:2020-07-07
15:ecmascript-6:62780208:0:0:44:False:2020-07-07
16:ecmascript-6:62777270:0:0:33:False:2020-07-07
17:ecmascript-6:62776313:-1:3:56:True:2020-07-07
18:ecmascript-6:62775576:-1:2:53:True:2020-07-07
19:ecmascript-6:62774243:0:1:628:True:2020-07-07
20:ecmascript-6:62769750:0:1:67:True:2020-07-07
21:ecmascript-6:62765178:7:1:832:True:2020-07-06
22:ecmascript-6:62764916:0:2:37:True:2020-07-06
23:ecmascript-6:62762000:1:1:297:False:2020-07-06
24:ecmascript-6:62760421:1:5:54:True:2020-07-06
25:ecmascript-6:62758384:0:1:140:True:2020-07-06
26:ecmascript-6:62757472:2:2:1000:True:2020-07-06
27:ecmascript-6:62757272:0:1:145:True:2020-07-06
28:ecmascript-6:62753594:0:0:546:False:2020-07-06
29:ecmascript-6:62753304:0:3:73:True:2020-07-06
30:ecmascript-6:62749688:1:3:71:True:2020-07-06
31:ecmascript-6:62749483:0:0:550:False:2020-07-06
32:ecmascript-6:62748634:0:1:325:True:2020-07-06
33:ecmascript-6:62743570:1:1:2000:True:2020-07-05
34:ecmascript-6:62743483:0:1:26:False:2020-07-05
35:ecmascript-6:62742741:-1:1:239:True:2020-07-05
36:ecmascript-6:62740829:1:1:78:False:2020-07-05
37:ecmascript-6:62737647:-2:1:497:False:2020-07-05
38:ecmascript-6:62736407:0:1:70:True:2020-07-05
39:ecmascript-6:62736347:0:2:40:True:2020-07-05
40:ecmascript-6:62732928:1:1:332:True:2020-07-04
41:ecmascript-6:62731485:1:5:642:True:2020-07-04
42:ecmascript-6:62726131:0:1:34:False:2020-07-04
43:ecmascript-6:62723603:0:1:75:True:2020-07-03
44:ecmascript-6:62723327:1:1:99:True:2020-07-03
45:ecmascript-6:62718585:0:1:34:True:2020-07-03
46:ecmascript-6:62717394:0:1:82:True:2020-07-03
47:ecmascript-6:62715880:1:2:159:True:2020-07-03
48:ecmascript-6:62714500:1:0:48:False:2020-07-03
49:ecmascript-6:62711730:0:1:31:True:2020-07-03
:tag:id:vote:answer:views:accepted:date
0:ecmascript-6:62709079:3:1:126:True:2020-07-03
1:ecmascript-6:62708195:0:2:520:True:2020-07-03
2:ecmascript-6:62704135:1:1:656:True:2020-07-02
3:ecmascript-6:62702599:-1:1:35:True:2020-07-02
4:ecmascript-6:62701749:2:2:410:True:2020-07-02
5:ecmascript-6:62700836:2:1:42:True:2020-07-02
6:ecmascript-6:62700164:2:2:798:False:2020-07-02
7:ecmascript-6:62695815:0:1:69:True:2020-07-02
8:ecmascript-6:62692676:4:1:492:False:2020-07-02
9:ecmascript-6:62691199:1:1:85:True:2020-07-02
10:ecmascript-6:62688206:2:5:78:True:2020-07-02
11:ecmascript-6:62687433:0:1:87:True:2020-07-02
12:ecmascript-6:62687199:0:5:41:True:2020-07-02
13:ecmascript-6:62684148:0:1:79:True:2020-07-01
14:ecmascript-6:62680318:0:4:2000:False:2020-07-01
15:ecmascript-6:62675251:0:0:47:False:2020-07-01
16:ecmascript-6:62669894:3:3:1000:True:2020-07-01
17:ecmascript-6:62668642:0:2:780:True:2020-07-01
18:ecmascript-6:62668303:1:3:114:True:2020-07-01
19:ecmascript-6:62667540:3:1:45:False:2020-06-30
20:ecmascript-6:62666615:0:1:35:True:2020-06-30
21:ecmascript-6:62665038:0:1:75:False:2020-06-30
22:ecmascript-6:62664074:0:3:54:True:2020-06-30
23:ecmascript-6:62657766:-1:5:107:True:2020-06-30
24:ecmascript-6:62656328:0:2:55:True:2020-06-30
25:ecmascript-6:62655287:0:0:30:False:2020-06-30
26:ecmascript-6:62655076:1:0:36:False:2020-06-30
27:ecmascript-6:62655057:0:1:41:False:2020-06-30
28:ecmascript-6:62652831:2:0:57:False:2020-06-30
29:ecmascript-6:62652704:1:2:2000:True:2020-06-30
30:ecmascript-6:62651077:1:1:38:True:2020-06-30
31:ecmascript-6:62650029:1:2:196:True:2020-06-30
32:ecmascript-6:62645241:1:3:76:True:2020-06-29
33:ecmascript-6:62645152:1:1:2000:False:2020-06-29
34:ecmascript-6:62644971:2:2:66:True:2020-06-29
35:ecmascript-6:62644018:0:3:78:False:2020-06-29
36:ecmascript-6:62642078:0:1:66:False:2020-06-29
37:ecmascript-6:62641186:2:1:142:True:2020-06-29
38:ecmascript-6:62636931:0:1:26:False:2020-06-29
39:ecmascript-6:62635395:0:1:67:False:2020-06-29
40:ecmascript-6:62632672:-1:1:56:True:2020-06-29
41:ecmascript-6:62631794:1:1:703:True:2020-06-29
42:ecmascript-6:62631560:1:1:779:False:2020-06-29
43:ecmascript-6:62624756:0:0:26:False:2020-06-28
44:ecmascript-6:62621645:3:1:169:True:2020-06-28
45:ecmascript-6:62621580:1:0:686:False:2020-06-28
46:ecmascript-6:62620835:1:1:39:False:2020-06-28
47:ecmascript-6:62609352:0:2:42:False:2020-06-27
48:ecmascript-6:62608216:1:4:184:True:2020-06-27
49:ecmascript-6:62607841:0:1:45:False:2020-06-27
:tag:id:vote:answer:views:accepted:date
0:ecmascript-6:62601541:-1:3:45:False:2020-06-26
1:ecmascript-6:62600623:0:1:139:True:2020-06-26
2:ecmascript-6:62598806:1:2:52:True:2020-06-26
3:ecmascript-6:62598498:2:1:511:True:2020-06-26
4:ecmascript-6:62598071:0:1:350:True:2020-06-26
5:ecmascript-6:62595927:-3:1:37:True:2020-06-26
6:ecmascript-6:62592605:1:5:57:True:2020-06-26
7:ecmascript-6:62592405:1:1:68:False:2020-06-26
8:ecmascript-6:62592209:0:1:15:True:2020-06-26
9:ecmascript-6:62590412:6:2:130:False:2020-06-26
10:ecmascript-6:62589340:0:3:79:True:2020-06-26
11:ecmascript-6:62587511:0:1:31:True:2020-06-26
12:ecmascript-6:62586573:2:2:271:True:2020-06-26
13:ecmascript-6:62585097:0:2:36:True:2020-06-25
14:ecmascript-6:62583036:1:1:446:False:2020-06-25
15:ecmascript-6:62579456:-2:1:55:False:2020-06-25
16:ecmascript-6:62577094:0:1:2000:True:2020-06-25
17:ecmascript-6:62575576:0:1:46:False:2020-06-25
18:ecmascript-6:62575166:0:2:245:False:2020-06-25
19:ecmascript-6:62574205:0:1:49:True:2020-06-25
20:ecmascript-6:62574150:0:1:70:True:2020-06-25
21:ecmascript-6:62570156:0:1:330:True:2020-06-25
22:ecmascript-6:62568933:0:2:51:False:2020-06-25
23:ecmascript-6:62567788:0:1:59:False:2020-06-25
24:ecmascript-6:62564037:2:1:77:True:2020-06-24
25:ecmascript-6:62562623:0:2:566:True:2020-06-24
26:ecmascript-6:62562519:0:0:43:False:2020-06-24
27:ecmascript-6:62561450:-2:7:88:True:2020-06-24
28:ecmascript-6:62560221:-1:3:256:True:2020-06-24
29:ecmascript-6:62559971:0:6:63:True:2020-06-24
30:ecmascript-6:62559879:0:0:19:False:2020-06-24
31:ecmascript-6:62558171:0:0:56:False:2020-06-24
32:ecmascript-6:62556862:0:1:4000:False:2020-06-24
33:ecmascript-6:62556413:0:1:110:False:2020-06-24
34:ecmascript-6:62554171:1:1:286:True:2020-06-24
35:ecmascript-6:62553591:1:7:176:True:2020-06-24
36:ecmascript-6:62547628:2:1:142:True:2020-06-24
37:ecmascript-6:62547493:0:1:20:False:2020-06-24
38:ecmascript-6:62547138:0:2:52:False:2020-06-24
39:ecmascript-6:62546872:0:1:60:True:2020-06-24
40:ecmascript-6:62545906:0:2:65:True:2020-06-24
41:ecmascript-6:62543535:1:4:243:True:2020-06-23
42:ecmascript-6:62542506:1:1:50:True:2020-06-23
43:ecmascript-6:62541955:3:5:905:True:2020-06-23
44:ecmascript-6:62541335:0:1:345:False:2020-06-23
45:ecmascript-6:62537582:0:2:2000:False:2020-06-23
46:ecmascript-6:62535156:1:2:43:False:2020-06-23
47:ecmascript-6:62532220:0:1:39:False:2020-06-23
48:ecmascript-6:62532126:0:1:149:False:2020-06-23
49:ecmascript-6:62525598:1:2:206:True:2020-06-23
:tag:id:vote:answer:views:accepted:date
0:ecmascript-6:62525343:1:1:30:True:2020-06-23
1:ecmascript-6:62524952:0:0:985:False:2020-06-22
2:ecmascript-6:62523637:1:2:43:True:2020-06-22
3:ecmascript-6:62522509:0:3:47:False:2020-06-22
4:ecmascript-6:62515577:0:2:219:True:2020-06-22
5:ecmascript-6:62512932:1:1:64:False:2020-06-22
6:ecmascript-6:62511399:-4:2:124:False:2020-06-22
7:ecmascript-6:62511334:0:2:65:True:2020-06-22
8:ecmascript-6:62509026:0:2:373:False:2020-06-22
9:ecmascript-6:62506015:0:1:159:True:2020-06-22
10:ecmascript-6:62502224:2:1:251:True:2020-06-21
11:ecmascript-6:62501427:1:4:74:False:2020-06-21
12:ecmascript-6:62501155:0:1:52:True:2020-06-21
13:ecmascript-6:62499696:0:0:19:False:2020-06-21
14:ecmascript-6:62498775:0:4:236:True:2020-06-21
15:ecmascript-6:62498328:0:2:46:False:2020-06-21
16:ecmascript-6:62496559:0:1:458:False:2020-06-21
17:ecmascript-6:62493687:2:2:88:True:2020-06-21
18:ecmascript-6:62493093:2:1:411:True:2020-06-21
19:ecmascript-6:62491607:0:2:100:True:2020-06-20
20:ecmascript-6:62490415:1:2:99:True:2020-06-20
21:ecmascript-6:62488648:1:0:71:False:2020-06-20
22:ecmascript-6:62488227:4:1:758:True:2020-06-20
23:ecmascript-6:62486797:0:1:32:True:2020-06-20
24:ecmascript-6:62483523:1:1:35:True:2020-06-20
25:ecmascript-6:62483258:0:0:45:False:2020-06-20
26:ecmascript-6:62483076:2:0:342:False:2020-06-20
27:ecmascript-6:62481878:3:2:1000:False:2020-06-20
28:ecmascript-6:62481277:2:4:92:False:2020-06-20
29:ecmascript-6:62479331:0:0:58:False:2020-06-19
30:ecmascript-6:62478180:0:1:80:False:2020-06-19
31:ecmascript-6:62475296:0:1:35:True:2020-06-19
32:ecmascript-6:62472924:0:3:66:True:2020-06-19
33:ecmascript-6:62471776:2:2:53:True:2020-06-19
34:ecmascript-6:62471572:0:1:40:True:2020-06-19
35:ecmascript-6:62469042:0:1:63:False:2020-06-19
36:ecmascript-6:62467374:1:5:732:False:2020-06-19
37:ecmascript-6:62467022:1:1:2000:True:2020-06-19
38:ecmascript-6:62463705:1:1:43:True:2020-06-19
39:ecmascript-6:62463691:0:2:100:True:2020-06-19
40:ecmascript-6:62463358:2:2:233:True:2020-06-19
41:ecmascript-6:62461299:0:0:61:False:2020-06-19
42:ecmascript-6:62458017:-1:3:43:True:2020-06-18
43:ecmascript-6:62456451:4:3:442:False:2020-06-18
44:ecmascript-6:62455886:0:1:28:False:2020-06-18
45:ecmascript-6:62454796:1:1:34:True:2020-06-18
46:ecmascript-6:62453731:2:1:41:False:2020-06-18
47:ecmascript-6:62453387:0:2:1000:False:2020-06-18
48:ecmascript-6:62451760:2:5:82:False:2020-06-18
49:ecmascript-6:62447003:4:1:348:False:2020-06-18
:tag:id:vote:answer:views:accepted:date
0:ecmascript-6:62442646:1:1:28:True:2020-06-18
1:ecmascript-6:62442277:0:1:136:False:2020-06-18
2:ecmascript-6:62440010:0:2:77:True:2020-06-17
3:ecmascript-6:62439279:0:2:32:True:2020-06-17
4:ecmascript-6:62438433:0:4:363:False:2020-06-17
5:ecmascript-6:62437733:0:1:218:False:2020-06-17
6:ecmascript-6:62437080:0:1:93:True:2020-06-17
7:ecmascript-6:62434432:0:0:49:False:2020-06-17
8:ecmascript-6:62428084:0:2:43:True:2020-06-17
9:ecmascript-6:62423179:0:6:73:False:2020-06-17
10:ecmascript-6:62421893:2:1:276:True:2020-06-17
11:ecmascript-6:62420647:-1:3:583:True:2020-06-17
12:ecmascript-6:62419337:0:0:26:False:2020-06-16
13:ecmascript-6:62415518:0:1:57:True:2020-06-16
14:ecmascript-6:62414148:0:0:14:False:2020-06-16
15:ecmascript-6:62413575:0:1:316:False:2020-06-16
16:ecmascript-6:62407758:0:0:72:False:2020-06-16
17:ecmascript-6:62406977:0:1:922:False:2020-06-16
18:ecmascript-6:62406400:-4:1:45:False:2020-06-16
19:ecmascript-6:62403081:1:2:104:True:2020-06-16
20:ecmascript-6:62402443:0:6:8000:False:2020-06-16
21:ecmascript-6:62402180:0:1:459:False:2020-06-16
22:ecmascript-6:62401986:0:1:92:False:2020-06-16
23:ecmascript-6:62401026:-1:2:53:True:2020-06-16
24:ecmascript-6:62400708:3:3:16000:True:2020-06-16
25:ecmascript-6:62397670:0:1:48:False:2020-06-15
26:ecmascript-6:62394049:2:2:48:False:2020-06-15
27:ecmascript-6:62393691:1:4:48:True:2020-06-15
28:ecmascript-6:62393180:3:0:86:False:2020-06-15
29:ecmascript-6:62391638:-2:1:184:True:2020-06-15
30:ecmascript-6:62388751:1:3:180:True:2020-06-15
31:ecmascript-6:62380613:0:2:1000:False:2020-06-15
32:ecmascript-6:62379664:0:0:40:False:2020-06-15
33:ecmascript-6:62379014:1:1:432:False:2020-06-14
34:ecmascript-6:62378723:0:1:29:True:2020-06-14
35:ecmascript-6:62378688:0:1:66:True:2020-06-14
36:ecmascript-6:62378228:-1:2:407:False:2020-06-14
37:ecmascript-6:62377387:0:2:98:False:2020-06-14
38:ecmascript-6:62376106:0:0:21:False:2020-06-14
39:ecmascript-6:62374814:0:4:83:True:2020-06-14
40:ecmascript-6:62369604:0:2:64:False:2020-06-14
41:ecmascript-6:62368563:0:2:1000:True:2020-06-14
42:ecmascript-6:62367975:1:1:56:False:2020-06-14
43:ecmascript-6:62367962:1:1:64:True:2020-06-14
44:ecmascript-6:62367502:0:1:28:True:2020-06-14
45:ecmascript-6:62363554:0:1:183:True:2020-06-13
46:ecmascript-6:62361541:0:4:533:False:2020-06-13
47:ecmascript-6:62359387:0:3:72:False:2020-06-13
48:ecmascript-6:62358654:0:3:65:True:2020-06-13
49:ecmascript-6:62358365:2:3:10000:True:2020-06-13
:tag:id:vote:answer:views:accepted:date
0:ecmascript-6:62357316:2:0:46:False:2020-06-13
1:ecmascript-6:62356071:-2:2:325:True:2020-06-13
2:ecmascript-6:62355704:0:4:506:True:2020-06-13
3:ecmascript-6:62352740:-2:3:762:True:2020-06-12
4:ecmascript-6:62352737:0:3:472:True:2020-06-12
5:ecmascript-6:62351979:0:1:338:False:2020-06-12
6:ecmascript-6:62351238:0:0:33:False:2020-06-12
7:ecmascript-6:62349452:1:4:4000:True:2020-06-12
8:ecmascript-6:62347592:1:2:158:False:2020-06-12
9:ecmascript-6:62346210:2:1:60:True:2020-06-12
10:ecmascript-6:62346201:0:1:33:True:2020-06-12
11:ecmascript-6:62341183:-2:2:74:False:2020-06-12
12:ecmascript-6:62340229:0:3:60:True:2020-06-12
13:ecmascript-6:62339349:2:3:68:False:2020-06-12
14:ecmascript-6:62337864:1:1:58:False:2020-06-12
15:ecmascript-6:62332954:1:3:208:False:2020-06-11
16:ecmascript-6:62332896:0:1:50:False:2020-06-11
17:ecmascript-6:62330981:0:1:77:False:2020-06-11
18:ecmascript-6:62329929:0:1:23:True:2020-06-11
19:ecmascript-6:62329774:1:1:472:False:2020-06-11
20:ecmascript-6:62326843:0:2:114:True:2020-06-11
21:ecmascript-6:62325728:0:1:103:False:2020-06-11
22:ecmascript-6:62324434:0:2:3000:False:2020-06-11
23:ecmascript-6:62323521:0:1:58:False:2020-06-11
24:ecmascript-6:62323480:1:1:1000:False:2020-06-11
25:ecmascript-6:62323143:1:1:1000:True:2020-06-11
26:ecmascript-6:62320889:0:1:21:True:2020-06-11
27:ecmascript-6:62319820:0:2:63:True:2020-06-11
28:ecmascript-6:62317072:0:4:44:True:2020-06-11
29:ecmascript-6:62316359:1:2:339:True:2020-06-11
30:ecmascript-6:62315484:1:2:360:True:2020-06-11
31:ecmascript-6:62314688:0:2:136:False:2020-06-10
32:ecmascript-6:62314518:0:1:35:True:2020-06-10
33:ecmascript-6:62313135:0:1:39:True:2020-06-10
34:ecmascript-6:62312939:-1:3:330:True:2020-06-10
35:ecmascript-6:62312285:1:0:13:False:2020-06-10
36:ecmascript-6:62312004:5:3:756:True:2020-06-10
37:ecmascript-6:62309254:0:1:35:True:2020-06-10
38:ecmascript-6:62308761:-1:4:53:False:2020-06-10
39:ecmascript-6:62308111:0:1:152:True:2020-06-10
40:ecmascript-6:62307704:1:2:46:True:2020-06-10
41:ecmascript-6:62304490:0:0:43:False:2020-06-10
42:ecmascript-6:62303949:0:1:48:True:2020-06-10
43:ecmascript-6:62303571:-3:3:95:False:2020-06-10
44:ecmascript-6:62300009:1:0:64:False:2020-06-10
45:ecmascript-6:62298768:0:1:228:True:2020-06-10
46:ecmascript-6:62297853:0:1:45:True:2020-06-10
47:ecmascript-6:62297638:1:0:43:False:2020-06-10
48:ecmascript-6:62295992:0:1:2000:False:2020-06-10
49:ecmascript-6:62295920:0:1:30:False:2020-06-10
:tag:id:vote:answer:views:accepted:date
0:ecmascript-6:62295460:1:1:1000:False:2020-06-10
1:ecmascript-6:62295083:0:2:28:True:2020-06-10
2:ecmascript-6:62292800:0:0:39:False:2020-06-09
3:ecmascript-6:62291145:0:3:76:True:2020-06-09
4:ecmascript-6:62291139:0:1:34:False:2020-06-09
5:ecmascript-6:62291100:1:1:940:True:2020-06-09
6:ecmascript-6:62287221:0:1:32:True:2020-06-09
7:ecmascript-6:62285434:0:0:271:False:2020-06-09
8:ecmascript-6:62284726:0:1:21:False:2020-06-09
9:ecmascript-6:62282477:1:2:38:True:2020-06-09
10:ecmascript-6:62282453:0:1:227:False:2020-06-09
11:ecmascript-6:62282091:0:0:132:False:2020-06-09
12:ecmascript-6:62281095:0:1:285:True:2020-06-09
13:ecmascript-6:62279812:3:1:80:True:2020-06-09
14:ecmascript-6:62276470:1:1:110:True:2020-06-09
15:ecmascript-6:62272890:1:2:116:True:2020-06-08
16:ecmascript-6:62272415:2:1:769:False:2020-06-08
17:ecmascript-6:62271254:0:1:38:True:2020-06-08
18:ecmascript-6:62269383:0:0:94:False:2020-06-08
19:ecmascript-6:62268908:0:2:27:True:2020-06-08
20:ecmascript-6:62268233:0:2:885:True:2020-06-08
21:ecmascript-6:62268131:1:1:259:True:2020-06-08
22:ecmascript-6:62266361:1:2:49:True:2020-06-08
23:ecmascript-6:62265860:4:2:76:False:2020-06-08
24:ecmascript-6:62265067:1:1:37:True:2020-06-08
25:ecmascript-6:62259115:1:5:82:True:2020-06-08
26:ecmascript-6:62258994:-1:1:245:False:2020-06-08
27:ecmascript-6:62255779:2:1:37:True:2020-06-08
28:ecmascript-6:62255245:0:2:36:False:2020-06-08
29:ecmascript-6:62251889:0:0:52:False:2020-06-07
30:ecmascript-6:62251585:1:3:48:False:2020-06-07
31:ecmascript-6:62251044:1:1:41:True:2020-06-07
32:ecmascript-6:62247874:0:1:84:True:2020-06-07
33:ecmascript-6:62246262:0:3:51:False:2020-06-07
34:ecmascript-6:62245576:1:0:379:False:2020-06-07
35:ecmascript-6:62245386:1:0:316:False:2020-06-07
36:ecmascript-6:62243945:1:1:53:False:2020-06-07
37:ecmascript-6:62235625:2:2:1000:False:2020-06-06
38:ecmascript-6:62231899:0:2:31:False:2020-06-06
39:ecmascript-6:62231218:4:1:344:False:2020-06-06
40:ecmascript-6:62230394:-2:2:378:False:2020-06-06
41:ecmascript-6:62229878:0:2:33:True:2020-06-06
42:ecmascript-6:62226907:0:2:266:False:2020-06-06
43:ecmascript-6:62226366:1:2:43:True:2020-06-06
44:ecmascript-6:62224878:0:1:93:True:2020-06-05
45:ecmascript-6:62221701:1:0:16:False:2020-06-05
46:ecmascript-6:62221249:0:0:20:False:2020-06-05
47:ecmascript-6:62219399:2:4:110:True:2020-06-05
48:ecmascript-6:62217693:0:2:31:False:2020-06-05
49:ecmascript-6:62214748:0:0:113:False:2020-06-05
:tag:id:vote:answer:views:accepted:date
0:ecmascript-6:62212716:0:2:540:False:2020-06-05
1:ecmascript-6:62209279:0:3:88:True:2020-06-05
2:ecmascript-6:62205994:-2:1:49:False:2020-06-04
3:ecmascript-6:62202501:0:1:128:False:2020-06-04
4:ecmascript-6:62201903:-1:2:39:False:2020-06-04
5:ecmascript-6:62201864:2:1:52:True:2020-06-04
6:ecmascript-6:62196680:2:1:1000:False:2020-06-04
7:ecmascript-6:62196180:-1:1:32:False:2020-06-04
8:ecmascript-6:62190694:0:1:46:True:2020-06-04
9:ecmascript-6:62189121:0:2:33:False:2020-06-04
10:ecmascript-6:62188671:2:1:107:True:2020-06-04
11:ecmascript-6:62186719:0:1:40:False:2020-06-04
12:ecmascript-6:62186273:3:1:372:False:2020-06-04
13:ecmascript-6:62185547:0:1:506:True:2020-06-04
14:ecmascript-6:62183967:-1:2:56:True:2020-06-03
15:ecmascript-6:62183943:0:1:288:True:2020-06-03
16:ecmascript-6:62183931:0:1:31:False:2020-06-03
17:ecmascript-6:62183113:0:2:29:True:2020-06-03
18:ecmascript-6:62182786:1:1:48:True:2020-06-03
19:ecmascript-6:62181026:0:2:71:True:2020-06-03
20:ecmascript-6:62179940:2:2:233:True:2020-06-03
21:ecmascript-6:62179617:0:2:134:True:2020-06-03
22:ecmascript-6:62178612:1:1:33:True:2020-06-03
23:ecmascript-6:62178520:0:1:22:True:2020-06-03
24:ecmascript-6:62174241:0:0:34:False:2020-06-03
25:ecmascript-6:62173912:3:1:85:True:2020-06-03
26:ecmascript-6:62171917:0:1:16:False:2020-06-03
27:ecmascript-6:62170898:1:1:22:True:2020-06-03
28:ecmascript-6:62170349:0:1:25:True:2020-06-03
29:ecmascript-6:62169759:0:0:72:False:2020-06-03
30:ecmascript-6:62169309:2:3:104:True:2020-06-03
31:ecmascript-6:62168939:0:1:98:True:2020-06-03
32:ecmascript-6:62166648:0:1:285:False:2020-06-03
33:ecmascript-6:62166209:1:1:389:False:2020-06-03
34:ecmascript-6:62165738:1:0:144:False:2020-06-03
35:ecmascript-6:62165627:1:1:38:False:2020-06-03
36:ecmascript-6:62160582:1:1:55:True:2020-06-02
37:ecmascript-6:62160512:0:2:21:True:2020-06-02
38:ecmascript-6:62159630:-1:1:107:True:2020-06-02
39:ecmascript-6:62158031:0:1:40:True:2020-06-02
40:ecmascript-6:62157713:0:1:35:True:2020-06-02
41:ecmascript-6:62156945:0:2:60:True:2020-06-02
42:ecmascript-6:62155979:-1:3:39:True:2020-06-02
43:ecmascript-6:62155135:0:1:261:True:2020-06-02
44:ecmascript-6:62149914:0:2:36:True:2020-06-02
45:ecmascript-6:62149651:1:1:27:False:2020-06-02
46:ecmascript-6:62146553:0:1:69:True:2020-06-02
47:ecmascript-6:62143985:0:0:29:False:2020-06-02
48:ecmascript-6:62143200:1:1:34:True:2020-06-02
49:ecmascript-6:62142659:0:1:41:True:2020-06-01
:tag:id:vote:answer:views:accepted:date
0:ecmascript-6:62141509:0:2:39:False:2020-06-01
1:ecmascript-6:62135474:0:1:353:False:2020-06-01
2:ecmascript-6:62129810:0:0:51:False:2020-06-01
3:ecmascript-6:62129740:0:2:93:True:2020-06-01
4:ecmascript-6:62129296:0:2:45:True:2020-06-01
5:ecmascript-6:62128032:4:3:912:True:2020-06-01
6:ecmascript-6:62127633:-1:1:310:False:2020-06-01
7:ecmascript-6:62127077:4:2:160:False:2020-06-01
8:ecmascript-6:62125403:0:4:51:False:2020-06-01
9:ecmascript-6:62125288:0:3:27:False:2020-06-01
10:ecmascript-6:62125195:2:5:67:False:2020-06-01
11:ecmascript-6:62115993:1:1:105:True:2020-05-31
12:ecmascript-6:62115828:3:2:74:False:2020-05-31
13:ecmascript-6:62109101:0:0:81:False:2020-05-30
14:ecmascript-6:62108624:1:4:47:True:2020-05-30
15:ecmascript-6:62108383:2:1:125:True:2020-05-30
16:ecmascript-6:62105484:1:1:86:True:2020-05-30
17:ecmascript-6:62105451:0:2:38:True:2020-05-30
18:ecmascript-6:62098996:1:2:110:True:2020-05-30
19:ecmascript-6:62097464:1:1:87:True:2020-05-30
20:ecmascript-6:62095447:1:1:56:True:2020-05-29
21:ecmascript-6:62095223:2:4:93:True:2020-05-29
22:ecmascript-6:62093822:1:3:38:True:2020-05-29
23:ecmascript-6:62090779:1:0:22:False:2020-05-29
24:ecmascript-6:62087073:6:2:3000:True:2020-05-29
25:ecmascript-6:62086505:0:1:550:False:2020-05-29
26:ecmascript-6:62081686:1:4:2000:False:2020-05-29
27:ecmascript-6:62081005:0:2:263:True:2020-05-29
28:ecmascript-6:62076319:0:1:59:False:2020-05-28
29:ecmascript-6:62073555:0:1:48:False:2020-05-28
30:ecmascript-6:62070657:4:5:22000:True:2020-05-28
31:ecmascript-6:62068455:0:1:559:True:2020-05-28
32:ecmascript-6:62066994:0:0:15:False:2020-05-28
33:ecmascript-6:62066690:0:1:81:False:2020-05-28
34:ecmascript-6:62065083:0:1:43:True:2020-05-28
35:ecmascript-6:62064282:-1:3:144:True:2020-05-28
36:ecmascript-6:62064243:-1:1:144:False:2020-05-28
37:ecmascript-6:62059710:1:1:1000:False:2020-05-28
38:ecmascript-6:62058409:1:2:52:True:2020-05-28
39:ecmascript-6:62054523:0:1:32:False:2020-05-27
40:ecmascript-6:62051837:1:1:45:True:2020-05-27
41:ecmascript-6:62048623:0:1:25:True:2020-05-27
42:ecmascript-6:62046777:1:2:39:True:2020-05-27
43:ecmascript-6:62046318:0:2:726:False:2020-05-27
44:ecmascript-6:62042651:-2:2:33:True:2020-05-27
45:ecmascript-6:62035957:0:2:56:False:2020-05-27
46:ecmascript-6:62035368:3:4:77:True:2020-05-27
47:ecmascript-6:62034126:0:1:35:True:2020-05-27
48:ecmascript-6:62033083:1:2:28:False:2020-05-26
49:ecmascript-6:62032975:0:1:146:True:2020-05-26
:tag:id:vote:answer:views:accepted:date
0:ecmascript-6:62032401:3:1:2000:True:2020-05-26
1:ecmascript-6:62031718:-4:1:41:False:2020-05-26
2:ecmascript-6:62029532:0:1:36:True:2020-05-26
3:ecmascript-6:62028853:0:1:367:False:2020-05-26
4:ecmascript-6:62023759:0:1:483:False:2020-05-26
5:ecmascript-6:62023077:0:1:192:False:2020-05-26
6:ecmascript-6:62022510:0:1:31:True:2020-05-26
7:ecmascript-6:62022239:0:1:252:True:2020-05-26
8:ecmascript-6:62021908:1:2:63:False:2020-05-26
9:ecmascript-6:62020250:2:2:315:True:2020-05-26
10:ecmascript-6:62014419:0:0:594:False:2020-05-26
11:ecmascript-6:62012191:2:4:844:True:2020-05-25
12:ecmascript-6:62006145:1:1:166:False:2020-05-25
13:ecmascript-6:62003881:1:0:100:False:2020-05-25
14:ecmascript-6:61997142:7:4:568:True:2020-05-25
15:ecmascript-6:61995998:0:2:33:True:2020-05-25
16:ecmascript-6:61994097:1:1:899:True:2020-05-25
17:ecmascript-6:61993873:2:1:46:False:2020-05-24
18:ecmascript-6:61992773:0:3:202:True:2020-05-24
19:ecmascript-6:61985831:5:1:2000:False:2020-05-24
20:ecmascript-6:61985805:0:3:57:False:2020-05-24
21:ecmascript-6:61981553:-3:3:3000:False:2020-05-24
22:ecmascript-6:61981427:0:1:223:True:2020-05-24
23:ecmascript-6:61979443:0:2:34:True:2020-05-23
24:ecmascript-6:61976997:0:1:50:True:2020-05-23
25:ecmascript-6:61974300:2:3:77:False:2020-05-23
26:ecmascript-6:61973703:-1:1:28:True:2020-05-23
27:ecmascript-6:61970634:0:0:23:False:2020-05-23
28:ecmascript-6:61968160:5:0:57:False:2020-05-23
29:ecmascript-6:61968021:-4:1:35:False:2020-05-23
30:ecmascript-6:61967133:1:1:70:False:2020-05-23
31:ecmascript-6:61964293:1:1:81:True:2020-05-22
32:ecmascript-6:61962263:2:1:42:False:2020-05-22
33:ecmascript-6:61962256:3:1:650:False:2020-05-22
34:ecmascript-6:61961618:-1:1:148:True:2020-05-22
35:ecmascript-6:61957899:-1:1:115:False:2020-05-22
36:ecmascript-6:61957078:0:2:32:True:2020-05-22
37:ecmascript-6:61954796:-1:3:46:True:2020-05-22
38:ecmascript-6:61952447:1:2:120:True:2020-05-22
39:ecmascript-6:61949529:1:1:605:False:2020-05-22
40:ecmascript-6:61948859:0:3:49:True:2020-05-22
41:ecmascript-6:61945464:0:2:211:True:2020-05-21
42:ecmascript-6:61944488:0:2:38:True:2020-05-21
43:ecmascript-6:61941039:0:4:209:True:2020-05-21
44:ecmascript-6:61939365:1:2:67:True:2020-05-21
45:ecmascript-6:61936967:1:3:50:True:2020-05-21
46:ecmascript-6:61936471:0:1:50:True:2020-05-21
47:ecmascript-6:61935651:0:1:57:True:2020-05-21
48:ecmascript-6:61929142:2:3:72:True:2020-05-21
49:ecmascript-6:61928700:2:1:45:True:2020-05-21
:tag:id:vote:answer:views:accepted:date
0:ecmascript-6:61927958:0:0:19:False:2020-05-21
1:ecmascript-6:61922103:2:0:48:False:2020-05-20
2:ecmascript-6:61921555:2:1:227:True:2020-05-20
3:ecmascript-6:61919525:0:1:33:True:2020-05-20
4:ecmascript-6:61919081:0:3:302:False:2020-05-20
5:ecmascript-6:61913101:1:1:959:True:2020-05-20
6:ecmascript-6:61912449:1:2:65:False:2020-05-20
7:ecmascript-6:61912307:0:1:229:False:2020-05-20
8:ecmascript-6:61911911:0:1:1000:False:2020-05-20
9:ecmascript-6:61909548:0:1:66:True:2020-05-20
10:ecmascript-6:61907079:3:1:2000:False:2020-05-20
11:ecmascript-6:61906334:1:2:188:True:2020-05-20
12:ecmascript-6:61905064:0:1:34:False:2020-05-20
13:ecmascript-6:61902833:1:1:166:False:2020-05-20
14:ecmascript-6:61898364:-1:2:41:True:2020-05-19
15:ecmascript-6:61898175:-1:3:51:True:2020-05-19
16:ecmascript-6:61894727:2:2:34:True:2020-05-19
17:ecmascript-6:61888462:1:2:812:False:2020-05-19
18:ecmascript-6:61888397:1:2:94:True:2020-05-19
19:ecmascript-6:61888004:-1:2:23:True:2020-05-19
20:ecmascript-6:61884444:0:1:285:False:2020-05-19
21:ecmascript-6:61883177:0:1:62:False:2020-05-19
22:ecmascript-6:61882229:0:1:903:False:2020-05-19
23:ecmascript-6:61881054:3:2:122:True:2020-05-19
24:ecmascript-6:61879576:1:1:38:True:2020-05-18
25:ecmascript-6:61877411:0:1:41:True:2020-05-18
26:ecmascript-6:61871707:0:2:31:True:2020-05-18
27:ecmascript-6:61870711:0:2:648:True:2020-05-18
28:ecmascript-6:61868841:0:1:41:True:2020-05-18
29:ecmascript-6:61866463:1:2:1000:False:2020-05-18
30:ecmascript-6:61866211:1:4:335:True:2020-05-18
31:ecmascript-6:61862590:2:3:65:True:2020-05-18
32:ecmascript-6:61862359:1:1:134:True:2020-05-18
33:ecmascript-6:61857992:0:5:1000:True:2020-05-17
34:ecmascript-6:61855195:1:1:22:True:2020-05-17
35:ecmascript-6:61854553:-3:1:145:False:2020-05-17
36:ecmascript-6:61853382:-2:1:69:False:2020-05-17
37:ecmascript-6:61851963:0:1:34:True:2020-05-17
38:ecmascript-6:61851708:0:1:45:False:2020-05-17
39:ecmascript-6:61849953:-2:1:28:True:2020-05-17
40:ecmascript-6:61847929:1:2:62:True:2020-05-17
41:ecmascript-6:61844508:-2:1:58:True:2020-05-16
42:ecmascript-6:61844466:0:1:26:True:2020-05-16
43:ecmascript-6:61841357:-1:2:187:True:2020-05-16
44:ecmascript-6:61840925:0:0:29:False:2020-05-16
45:ecmascript-6:61839636:0:0:14:False:2020-05-16
46:ecmascript-6:61838796:0:1:57:True:2020-05-16
47:ecmascript-6:61836984:4:2:2000:True:2020-05-16
48:ecmascript-6:61834019:0:2:28:False:2020-05-16
49:ecmascript-6:61833999:0:3:189:False:2020-05-16
:tag:id:vote:answer:views:accepted:date
0:ecmascript-6:61832340:-1:2:264:False:2020-05-16
1:ecmascript-6:61826075:0:1:90:True:2020-05-15
2:ecmascript-6:61824851:0:1:127:True:2020-05-15
3:ecmascript-6:61823869:1:1:31:True:2020-05-15
4:ecmascript-6:61822560:0:1:41:True:2020-05-15
5:ecmascript-6:61822086:1:5:56:True:2020-05-15
6:ecmascript-6:61822069:0:1:386:False:2020-05-15
7:ecmascript-6:61820516:0:2:76:False:2020-05-15
8:ecmascript-6:61817667:0:1:48:False:2020-05-15
9:ecmascript-6:61817239:0:0:30:False:2020-05-15
10:ecmascript-6:61816183:0:1:124:True:2020-05-15
11:ecmascript-6:61811984:-1:3:84:False:2020-05-15
12:ecmascript-6:61811340:1:2:32:True:2020-05-15
13:ecmascript-6:61809329:0:2:42:True:2020-05-14
14:ecmascript-6:61808093:0:1:122:False:2020-05-14
15:ecmascript-6:61808057:0:0:48:False:2020-05-14
16:ecmascript-6:61805036:0:4:57:True:2020-05-14
17:ecmascript-6:61802169:0:2:44:True:2020-05-14
18:ecmascript-6:61801796:1:3:71:True:2020-05-14
19:ecmascript-6:61799077:2:1:931:False:2020-05-14
20:ecmascript-6:61795870:0:2:456:True:2020-05-14
21:ecmascript-6:61794279:0:0:14:False:2020-05-14
22:ecmascript-6:61792873:0:4:114:False:2020-05-14
23:ecmascript-6:61792745:-3:1:31:True:2020-05-14
24:ecmascript-6:61791560:0:1:58:True:2020-05-14
25:ecmascript-6:61790158:0:1:785:True:2020-05-14
26:ecmascript-6:61789357:1:3:81:True:2020-05-14
27:ecmascript-6:61786632:0:0:21:False:2020-05-13
28:ecmascript-6:61784790:2:2:24:True:2020-05-13
29:ecmascript-6:61783931:4:3:1000:False:2020-05-13
30:ecmascript-6:61783338:0:2:187:True:2020-05-13
31:ecmascript-6:61781072:0:1:2000:True:2020-05-13
32:ecmascript-6:61780736:2:1:2000:False:2020-05-13
33:ecmascript-6:61777524:0:1:30:True:2020-05-13
34:ecmascript-6:61771403:0:0:337:False:2020-05-13
35:ecmascript-6:61770481:2:3:393:True:2020-05-13
36:ecmascript-6:61770454:1:3:67:True:2020-05-13
37:ecmascript-6:61770264:0:0:88:False:2020-05-13
38:ecmascript-6:61763162:0:1:30:True:2020-05-12
39:ecmascript-6:61762319:1:1:744:True:2020-05-12
40:ecmascript-6:61761475:0:3:84:True:2020-05-12
41:ecmascript-6:61761438:0:5:49:False:2020-05-12
42:ecmascript-6:61760385:3:2:694:True:2020-05-12
43:ecmascript-6:61756227:3:4:130:False:2020-05-12
44:ecmascript-6:61756146:0:1:200:False:2020-05-12
45:ecmascript-6:61750815:1:2:521:True:2020-05-12
46:ecmascript-6:61746739:0:1:37:False:2020-05-12
47:ecmascript-6:61742454:-2:1:34:True:2020-05-12
48:ecmascript-6:61741023:1:4:88:False:2020-05-11
49:ecmascript-6:61737709:1:2:2000:True:2020-05-11
:tag:id:vote:answer:views:accepted:date
0:ecmascript-6:61733081:1:1:62:False:2020-05-11
1:ecmascript-6:61732741:0:1:52:False:2020-05-11
2:ecmascript-6:61732162:1:1:181:True:2020-05-11
3:ecmascript-6:61727509:0:0:89:False:2020-05-11
4:ecmascript-6:61725673:-1:2:36:True:2020-05-11
5:ecmascript-6:61724742:-1:3:40:True:2020-05-11
6:ecmascript-6:61724407:0:1:77:True:2020-05-11
7:ecmascript-6:61724320:0:2:1000:True:2020-05-11
8:ecmascript-6:61720949:3:1:51:False:2020-05-11
9:ecmascript-6:61718098:1:1:279:True:2020-05-10
10:ecmascript-6:61717888:1:1:49:True:2020-05-10
11:ecmascript-6:61717165:-2:2:40:False:2020-05-10
12:ecmascript-6:61716746:0:2:33:False:2020-05-10
13:ecmascript-6:61706158:0:1:27:True:2020-05-10
14:ecmascript-6:61705340:0:1:72:True:2020-05-09
15:ecmascript-6:61705136:0:1:31:True:2020-05-09
16:ecmascript-6:61703886:0:1:56:True:2020-05-09
17:ecmascript-6:61703325:0:1:272:True:2020-05-09
18:ecmascript-6:61702725:0:1:67:False:2020-05-09
19:ecmascript-6:61700373:0:2:38:True:2020-05-09
20:ecmascript-6:61698319:0:1:3000:False:2020-05-09
21:ecmascript-6:61696790:-1:1:605:True:2020-05-09
22:ecmascript-6:61694406:0:2:104:True:2020-05-09
23:ecmascript-6:61692213:0:1:269:True:2020-05-09
24:ecmascript-6:61691837:-2:2:59:True:2020-05-09
25:ecmascript-6:61689590:0:4:321:True:2020-05-08
26:ecmascript-6:61687031:0:4:270:False:2020-05-08
27:ecmascript-6:61686159:1:1:58:True:2020-05-08
28:ecmascript-6:61685481:2:1:123:True:2020-05-08
29:ecmascript-6:61685306:0:1:168:True:2020-05-08
30:ecmascript-6:61685157:2:5:71:True:2020-05-08
31:ecmascript-6:61682430:0:3:48:False:2020-05-08
32:ecmascript-6:61680400:-3:6:66:True:2020-05-08
33:ecmascript-6:61679986:4:1:62:True:2020-05-08
34:ecmascript-6:61679245:1:2:89:True:2020-05-08
35:ecmascript-6:61677589:1:1:647:True:2020-05-08
36:ecmascript-6:61671612:0:2:26:False:2020-05-08
37:ecmascript-6:61671321:1:1:178:True:2020-05-08
38:ecmascript-6:61670837:2:1:377:True:2020-05-08
39:ecmascript-6:61670711:1:0:81:False:2020-05-08
40:ecmascript-6:61670707:0:0:34:False:2020-05-08
41:ecmascript-6:61669293:0:0:16:False:2020-05-07
42:ecmascript-6:61668600:0:0:125:False:2020-05-07
43:ecmascript-6:61664102:1:1:139:True:2020-05-07
44:ecmascript-6:61663693:0:2:36:True:2020-05-07
45:ecmascript-6:61663087:4:0:994:False:2020-05-07
46:ecmascript-6:61662132:0:0:25:False:2020-05-07
47:ecmascript-6:61661619:6:1:2000:True:2020-05-07
48:ecmascript-6:61660735:1:5:73:False:2020-05-07
49:ecmascript-6:61660301:-2:4:133:True:2020-05-07
:tag:id:vote:answer:views:accepted:date
0:ecmascript-6:61659128:1:3:47:False:2020-05-07
1:ecmascript-6:61656864:0:2:80:False:2020-05-07
2:ecmascript-6:61655608:1:2:62:False:2020-05-07
3:ecmascript-6:61650660:0:5:74:False:2020-05-07
4:ecmascript-6:61650408:0:4:48:False:2020-05-07
5:ecmascript-6:61649584:1:4:76:True:2020-05-07
6:ecmascript-6:61649469:-1:2:122:False:2020-05-07
7:ecmascript-6:61649008:1:1:45:True:2020-05-07
8:ecmascript-6:61647512:5:1:1000:True:2020-05-06
9:ecmascript-6:61646821:1:2:34:True:2020-05-06
10:ecmascript-6:61646455:1:2:61:True:2020-05-06
11:ecmascript-6:61646144:0:1:28:False:2020-05-06
12:ecmascript-6:61644604:2:1:131:True:2020-05-06
13:ecmascript-6:61636153:0:1:1000:True:2020-05-06
14:ecmascript-6:61635276:0:2:87:False:2020-05-06
15:ecmascript-6:61634572:0:1:149:True:2020-05-06
16:ecmascript-6:61629317:0:1:131:True:2020-05-06
17:ecmascript-6:61628718:0:2:15:False:2020-05-06
18:ecmascript-6:61628680:0:1:31:True:2020-05-06
19:ecmascript-6:61627982:0:2:88:True:2020-05-06
20:ecmascript-6:61626600:40:7:3000:True:2020-05-06
21:ecmascript-6:61623191:0:2:42:True:2020-05-05
22:ecmascript-6:61622990:1:1:48:True:2020-05-05
23:ecmascript-6:61622469:0:1:46:False:2020-05-05
24:ecmascript-6:61621850:0:3:89:True:2020-05-05
25:ecmascript-6:61619481:-2:1:80:True:2020-05-05
26:ecmascript-6:61618487:-2:1:611:False:2020-05-05
27:ecmascript-6:61617860:0:1:86:True:2020-05-05
28:ecmascript-6:61617845:2:1:24:True:2020-05-05
29:ecmascript-6:61615732:0:1:38:False:2020-05-05
30:ecmascript-6:61615475:2:1:1000:False:2020-05-05
31:ecmascript-6:61613628:1:1:790:True:2020-05-05
32:ecmascript-6:61613216:4:1:194:False:2020-05-05
33:ecmascript-6:61612246:2:2:560:False:2020-05-05
34:ecmascript-6:61611770:0:1:613:False:2020-05-05
35:ecmascript-6:61610459:0:2:36:True:2020-05-05
36:ecmascript-6:61608045:0:0:21:False:2020-05-05
37:ecmascript-6:61606913:0:1:111:False:2020-05-05
38:ecmascript-6:61604444:0:3:56:False:2020-05-05
39:ecmascript-6:61603807:2:3:84:True:2020-05-05
40:ecmascript-6:61603651:-1:1:27:True:2020-05-05
41:ecmascript-6:61602203:1:2:181:True:2020-05-04
42:ecmascript-6:61601052:0:3:64:True:2020-05-04
43:ecmascript-6:61600612:0:2:392:True:2020-05-04
44:ecmascript-6:61597674:1:1:45:True:2020-05-04
45:ecmascript-6:61592990:0:2:212:True:2020-05-04
46:ecmascript-6:61592515:1:0:256:False:2020-05-04
47:ecmascript-6:61591049:0:1:1000:True:2020-05-04
48:ecmascript-6:61589964:2:1:461:False:2020-05-04
49:ecmascript-6:61589791:1:0:66:False:2020-05-04
:tag:id:vote:answer:views:accepted:date
0:ecmascript-6:61587622:0:3:188:False:2020-05-04
1:ecmascript-6:61586876:-1:1:67:True:2020-05-04
2:ecmascript-6:61584968:0:0:14:False:2020-05-04
3:ecmascript-6:61583739:0:2:65:False:2020-05-04
4:ecmascript-6:61583292:-1:3:1000:True:2020-05-04
5:ecmascript-6:61582110:0:1:111:False:2020-05-03
6:ecmascript-6:61579506:1:1:53:True:2020-05-03
7:ecmascript-6:61574852:1:2:303:True:2020-05-03
8:ecmascript-6:61574739:1:2:42:True:2020-05-03
9:ecmascript-6:61573796:0:8:82:False:2020-05-03
10:ecmascript-6:61572748:0:1:32:False:2020-05-03
11:ecmascript-6:61572513:0:2:37:True:2020-05-03
12:ecmascript-6:61572153:27:1:12000:True:2020-05-03
13:ecmascript-6:61571361:1:2:38:False:2020-05-03
14:ecmascript-6:61570166:0:1:61:True:2020-05-03
15:ecmascript-6:61561911:1:1:43:True:2020-05-02
16:ecmascript-6:61559727:0:2:46:True:2020-05-02
17:ecmascript-6:61557699:1:1:27:True:2020-05-02
18:ecmascript-6:61555107:3:2:177:True:2020-05-02
19:ecmascript-6:61554127:0:1:48:True:2020-05-02
20:ecmascript-6:61553902:1:1:883:True:2020-05-02
21:ecmascript-6:61550220:1:1:70:True:2020-05-01
22:ecmascript-6:61549406:19:4:9000:False:2020-05-01
23:ecmascript-6:61549023:1:2:240:False:2020-05-01
24:ecmascript-6:61548413:-2:1:34:False:2020-05-01
25:ecmascript-6:61546820:0:0:36:False:2020-05-01
26:ecmascript-6:61545528:0:0:50:False:2020-05-01
27:ecmascript-6:61545516:1:4:411:True:2020-05-01
28:ecmascript-6:61541200:0:0:109:False:2020-05-01
29:ecmascript-6:61540750:1:3:4000:True:2020-05-01
30:ecmascript-6:61539505:0:1:30:True:2020-05-01
31:ecmascript-6:61536996:0:1:89:True:2020-05-01
32:ecmascript-6:61536373:0:0:53:False:2020-05-01
33:ecmascript-6:61534894:0:2:29:True:2020-05-01
34:ecmascript-6:61533955:0:1:23:False:2020-04-30
35:ecmascript-6:61533745:0:3:430:True:2020-04-30
36:ecmascript-6:61533147:0:1:52:True:2020-04-30
37:ecmascript-6:61532940:3:1:102:True:2020-04-30
38:ecmascript-6:61531954:3:1:3000:True:2020-04-30
39:ecmascript-6:61531202:0:0:24:False:2020-04-30
40:ecmascript-6:61526207:0:1:80:False:2020-04-30
41:ecmascript-6:61526039:-1:2:119:True:2020-04-30
42:ecmascript-6:61523208:0:4:48:True:2020-04-30
43:ecmascript-6:61522985:0:1:41:True:2020-04-30
44:ecmascript-6:61520263:0:0:49:False:2020-04-30
45:ecmascript-6:61519451:1:3:112:True:2020-04-30
46:ecmascript-6:61515854:0:1:38:False:2020-04-30
47:ecmascript-6:61511355:1:1:64:True:2020-04-29
48:ecmascript-6:61509346:0:2:57:True:2020-04-29
49:ecmascript-6:61509341:0:1:41:True:2020-04-29
:tag:id:vote:answer:views:accepted:date
0:ecmascript-6:61508776:1:2:60:False:2020-04-29
1:ecmascript-6:61505329:0:1:27:False:2020-04-29
2:ecmascript-6:61504570:0:1:19:True:2020-04-29
3:ecmascript-6:61503119:1:4:75:True:2020-04-29
4:ecmascript-6:61502420:0:1:57:False:2020-04-29
5:ecmascript-6:61501180:0:0:23:False:2020-04-29
6:ecmascript-6:61498289:0:1:232:True:2020-04-29
7:ecmascript-6:61495242:2:2:566:True:2020-04-29
8:ecmascript-6:61494738:0:2:65:True:2020-04-29
9:ecmascript-6:61494556:2:1:153:True:2020-04-29
10:ecmascript-6:61489035:0:1:52:False:2020-04-28
11:ecmascript-6:61488861:0:2:20:True:2020-04-28
12:ecmascript-6:61488160:1:2:511:False:2020-04-28
13:ecmascript-6:61485305:0:2:867:True:2020-04-28
14:ecmascript-6:61482692:1:4:56:True:2020-04-28
15:ecmascript-6:61482571:0:2:889:True:2020-04-28
16:ecmascript-6:61481211:0:3:371:True:2020-04-28
17:ecmascript-6:61479602:0:1:665:False:2020-04-28
18:ecmascript-6:61479540:-1:1:125:True:2020-04-28
19:ecmascript-6:61479159:0:2:448:False:2020-04-28
20:ecmascript-6:61478771:0:1:38:False:2020-04-28
21:ecmascript-6:61478580:-1:1:27:False:2020-04-28
22:ecmascript-6:61477698:2:2:38:True:2020-04-28
23:ecmascript-6:61475289:12:1:6000:True:2020-04-28
24:ecmascript-6:61473035:2:3:250:True:2020-04-28
25:ecmascript-6:61472772:0:0:33:False:2020-04-28
26:ecmascript-6:61472053:0:2:250:True:2020-04-28
27:ecmascript-6:61471098:0:1:972:True:2020-04-28
28:ecmascript-6:61469420:0:3:55:False:2020-04-27
29:ecmascript-6:61468133:1:0:32:False:2020-04-27
30:ecmascript-6:61467793:0:1:34:False:2020-04-27
31:ecmascript-6:61467239:1:1:232:True:2020-04-27
32:ecmascript-6:61465318:1:1:127:True:2020-04-27
33:ecmascript-6:61465037:1:4:71:False:2020-04-27
34:ecmascript-6:61464117:1:1:36:True:2020-04-27
35:ecmascript-6:61463180:0:3:43:True:2020-04-27
36:ecmascript-6:61463029:0:2:1000:False:2020-04-27
37:ecmascript-6:61462017:2:0:719:False:2020-04-27
38:ecmascript-6:61462000:0:1:38:True:2020-04-27
39:ecmascript-6:61461227:2:0:191:False:2020-04-27
40:ecmascript-6:61460827:0:1:30:False:2020-04-27
41:ecmascript-6:61458789:4:4:75:True:2020-04-27
42:ecmascript-6:61457303:3:1:712:False:2020-04-27
43:ecmascript-6:61457298:-1:3:245:True:2020-04-27
44:ecmascript-6:61456824:0:1:74:True:2020-04-27
45:ecmascript-6:61455818:0:1:137:True:2020-04-27
46:ecmascript-6:61455776:0:1:72:False:2020-04-27
47:ecmascript-6:61454313:0:3:69:True:2020-04-27
48:ecmascript-6:61448758:0:1:31:True:2020-04-26
49:ecmascript-6:61448482:0:1:258:False:2020-04-26
:tag:id:vote:answer:views:accepted:date
0:ecmascript-6:61445399:0:2:29:True:2020-04-26
1:ecmascript-6:61444275:1:2:49:True:2020-04-26
2:ecmascript-6:61443226:0:1:22:True:2020-04-26
3:ecmascript-6:61441788:0:2:94:False:2020-04-26
4:ecmascript-6:61440669:-1:1:552:True:2020-04-26
5:ecmascript-6:61438746:0:2:78:True:2020-04-26
6:ecmascript-6:61438629:3:1:46:True:2020-04-26
7:ecmascript-6:61437072:0:1:66:False:2020-04-26
8:ecmascript-6:61436556:0:1:713:True:2020-04-26
9:ecmascript-6:61433721:0:2:190:False:2020-04-25
10:ecmascript-6:61432956:0:1:57:True:2020-04-25
11:ecmascript-6:61428859:-4:3:51:True:2020-04-25
12:ecmascript-6:61427611:0:1:21:True:2020-04-25
13:ecmascript-6:61427262:1:0:51:False:2020-04-25
14:ecmascript-6:61422912:2:1:29:False:2020-04-25
15:ecmascript-6:61420890:-2:1:24:True:2020-04-25
16:ecmascript-6:61420586:-2:1:43:True:2020-04-25
17:ecmascript-6:61420558:3:3:4000:False:2020-04-25
18:ecmascript-6:61419411:0:1:113:False:2020-04-25
19:ecmascript-6:61416907:4:3:2000:True:2020-04-24
20:ecmascript-6:61412110:0:0:35:False:2020-04-24
21:ecmascript-6:61410317:0:2:46:True:2020-04-24
22:ecmascript-6:61410106:1:4:214:True:2020-04-24
23:ecmascript-6:61408848:3:1:4000:True:2020-04-24
24:ecmascript-6:61408230:0:1:81:True:2020-04-24
25:ecmascript-6:61408221:1:2:97:False:2020-04-24
26:ecmascript-6:61407643:0:1:517:True:2020-04-24
27:ecmascript-6:61405557:0:0:54:False:2020-04-24
28:ecmascript-6:61404543:0:1:21:True:2020-04-24
29:ecmascript-6:61402837:1:1:199:False:2020-04-24
30:ecmascript-6:61400839:0:1:55:False:2020-04-24
31:ecmascript-6:61399407:0:0:212:False:2020-04-24
32:ecmascript-6:61398099:0:1:8:False:2020-04-23
33:ecmascript-6:61397512:0:2:55:False:2020-04-23
34:ecmascript-6:61395344:0:1:63:True:2020-04-23
35:ecmascript-6:61394008:1:3:314:False:2020-04-23
36:ecmascript-6:61393397:0:0:48:False:2020-04-23
37:ecmascript-6:61392174:0:0:39:False:2020-04-23
38:ecmascript-6:61391055:0:2:28:True:2020-04-23
39:ecmascript-6:61390380:2:4:43:True:2020-04-23
40:ecmascript-6:61389619:0:5:99:True:2020-04-23
41:ecmascript-6:61385207:1:1:30:True:2020-04-23
42:ecmascript-6:61384169:-3:1:28:True:2020-04-23
43:ecmascript-6:61383516:0:1:32:False:2020-04-23
44:ecmascript-6:61381370:2:2:3000:True:2020-04-23
45:ecmascript-6:61379084:-1:1:57:True:2020-04-23
46:ecmascript-6:61379038:1:1:39:False:2020-04-23
47:ecmascript-6:61378328:1:1:80:True:2020-04-23
48:ecmascript-6:61376278:8:2:1000:False:2020-04-22
49:ecmascript-6:61376009:0:1:35:False:2020-04-22
:tag:id:vote:answer:views:accepted:date
0:ecmascript-6:61375676:0:2:39:True:2020-04-22
1:ecmascript-6:61371489:2:2:509:True:2020-04-22
2:ecmascript-6:61371304:0:2:80:True:2020-04-22
3:ecmascript-6:61367813:-1:1:78:False:2020-04-22
4:ecmascript-6:61367706:1:1:659:False:2020-04-22
5:ecmascript-6:61367386:0:2:42:True:2020-04-22
6:ecmascript-6:61366657:-1:2:46:False:2020-04-22
7:ecmascript-6:61366209:0:3:349:True:2020-04-22
8:ecmascript-6:61365982:2:1:107:True:2020-04-22
9:ecmascript-6:61364606:0:0:297:False:2020-04-22
10:ecmascript-6:61362897:0:2:32:True:2020-04-22
11:ecmascript-6:61360825:0:0:36:False:2020-04-22
12:ecmascript-6:61359530:2:1:42:True:2020-04-22
13:ecmascript-6:61359208:0:1:17:True:2020-04-22
14:ecmascript-6:61359009:1:1:28:True:2020-04-22
15:ecmascript-6:61358433:0:0:14:False:2020-04-22
16:ecmascript-6:61358266:0:0:167:False:2020-04-22
17:ecmascript-6:61357177:0:0:44:False:2020-04-22
18:ecmascript-6:61356851:0:3:253:True:2020-04-22
19:ecmascript-6:61355615:2:1:54:False:2020-04-22
20:ecmascript-6:61355394:0:0:28:False:2020-04-22
21:ecmascript-6:61353730:1:3:403:True:2020-04-21
22:ecmascript-6:61353396:2:3:42:False:2020-04-21
23:ecmascript-6:61352296:1:2:53:True:2020-04-21
24:ecmascript-6:61351418:0:2:36:True:2020-04-21
25:ecmascript-6:61349770:0:2:55:False:2020-04-21
26:ecmascript-6:61348188:0:1:30:True:2020-04-21
27:ecmascript-6:61348127:1:2:43:False:2020-04-21
28:ecmascript-6:61347259:0:2:48:False:2020-04-21
29:ecmascript-6:61342922:0:1:129:True:2020-04-21
30:ecmascript-6:61341504:0:1:34:True:2020-04-21
31:ecmascript-6:61341491:0:0:34:False:2020-04-21
32:ecmascript-6:61341151:-1:1:26:True:2020-04-21
33:ecmascript-6:61340638:0:1:30:True:2020-04-21
34:ecmascript-6:61339792:-1:4:79:False:2020-04-21
35:ecmascript-6:61338599:0:1:86:True:2020-04-21
36:ecmascript-6:61337972:1:0:226:False:2020-04-21
37:ecmascript-6:61337520:1:1:2000:True:2020-04-21
38:ecmascript-6:61336489:1:3:85:True:2020-04-21
39:ecmascript-6:61336089:-1:1:38:False:2020-04-21
40:ecmascript-6:61332294:0:0:853:False:2020-04-20
41:ecmascript-6:61332165:1:1:30:True:2020-04-20
42:ecmascript-6:61330844:0:2:37:True:2020-04-20
43:ecmascript-6:61327825:0:1:392:True:2020-04-20
44:ecmascript-6:61327800:0:1:40:False:2020-04-20
45:ecmascript-6:61327425:5:3:2000:False:2020-04-20
46:ecmascript-6:61326651:-2:2:48:True:2020-04-20
47:ecmascript-6:61325753:-3:1:150:True:2020-04-20
48:ecmascript-6:61325100:0:2:33:False:2020-04-20
49:ecmascript-6:61323733:-1:2:44:False:2020-04-20
:tag:id:vote:answer:views:accepted:date
0:ecmascript-6:61322374:0:3:208:True:2020-04-20
1:ecmascript-6:61321205:2:3:158:True:2020-04-20
2:ecmascript-6:61319768:0:1:37:True:2020-04-20
3:ecmascript-6:61318713:-1:1:147:False:2020-04-20
4:ecmascript-6:61317140:0:1:26:True:2020-04-20
5:ecmascript-6:61314816:0:1:30:True:2020-04-20
6:ecmascript-6:61314054:0:3:85:False:2020-04-20
7:ecmascript-6:61312839:1:1:318:True:2020-04-19
8:ecmascript-6:61311255:1:1:42:False:2020-04-19
9:ecmascript-6:61309923:1:5:57:True:2020-04-19
10:ecmascript-6:61307654:5:1:775:False:2020-04-19
11:ecmascript-6:61304530:0:3:63:True:2020-04-19
12:ecmascript-6:61303516:0:3:37:True:2020-04-19
13:ecmascript-6:61301332:0:1:49:True:2020-04-19
14:ecmascript-6:61299230:1:1:21:True:2020-04-19
15:ecmascript-6:61298727:2:2:460:False:2020-04-19
16:ecmascript-6:61298632:2:1:300:False:2020-04-19
17:ecmascript-6:61298614:1:1:35:True:2020-04-19
18:ecmascript-6:61297000:5:5:2000:True:2020-04-18
19:ecmascript-6:61295969:0:0:23:False:2020-04-18
20:ecmascript-6:61295841:0:1:44:False:2020-04-18
21:ecmascript-6:61295058:1:1:416:False:2020-04-18
22:ecmascript-6:61291633:17:8:26000:False:2020-04-18
23:ecmascript-6:61290741:1:0:23:False:2020-04-18
24:ecmascript-6:61290594:2:2:53:True:2020-04-18
25:ecmascript-6:61287271:-2:3:52:False:2020-04-18
26:ecmascript-6:61281108:0:0:36:False:2020-04-17
27:ecmascript-6:61279138:0:1:26:True:2020-04-17
28:ecmascript-6:61278875:0:1:469:True:2020-04-17
29:ecmascript-6:61274629:0:1:56:False:2020-04-17
30:ecmascript-6:61273431:-2:2:78:True:2020-04-17
31:ecmascript-6:61270765:1:4:349:True:2020-04-17
32:ecmascript-6:61269282:2:1:32:True:2020-04-17
33:ecmascript-6:61268411:2:5:65:True:2020-04-17
34:ecmascript-6:61267188:0:0:75:False:2020-04-17
35:ecmascript-6:61267184:1:1:266:True:2020-04-17
36:ecmascript-6:61266441:1:3:43:False:2020-04-17
37:ecmascript-6:61264054:0:2:468:True:2020-04-17
38:ecmascript-6:61263034:0:1:65:True:2020-04-17
39:ecmascript-6:61261460:1:3:31:True:2020-04-16
40:ecmascript-6:61259628:1:2:49:True:2020-04-16
41:ecmascript-6:61259545:1:1:37:True:2020-04-16
42:ecmascript-6:61258750:1:3:46:True:2020-04-16
43:ecmascript-6:61258230:0:1:15:True:2020-04-16
44:ecmascript-6:61256687:1:0:46:False:2020-04-16
45:ecmascript-6:61254796:0:1:18:True:2020-04-16
46:ecmascript-6:61254652:0:1:24:False:2020-04-16
47:ecmascript-6:61252459:0:0:174:False:2020-04-16
48:ecmascript-6:61250971:0:0:17:False:2020-04-16
49:ecmascript-6:61249338:0:1:55:False:2020-04-16
:tag:id:vote:answer:views:accepted:date
0:ecmascript-6:61248073:2:2:538:True:2020-04-16
1:ecmascript-6:61247972:0:1:123:True:2020-04-16
2:ecmascript-6:61244983:0:5:43:True:2020-04-16
3:ecmascript-6:61244739:0:1:34:True:2020-04-16
4:ecmascript-6:61243973:0:2:102:False:2020-04-16
5:ecmascript-6:61243414:2:1:2000:True:2020-04-16
6:ecmascript-6:61242299:0:0:43:False:2020-04-16
7:ecmascript-6:61241628:0:1:57:False:2020-04-16
8:ecmascript-6:61239454:0:0:43:False:2020-04-15
9:ecmascript-6:61239046:0:1:72:False:2020-04-15
10:ecmascript-6:61238944:0:0:60:False:2020-04-15
11:ecmascript-6:61237344:0:1:513:False:2020-04-15
12:ecmascript-6:61237208:13:1:12000:False:2020-04-15
13:ecmascript-6:61235996:0:2:42:False:2020-04-15
14:ecmascript-6:61234549:0:1:32:True:2020-04-15
15:ecmascript-6:61231888:1:1:492:True:2020-04-15
16:ecmascript-6:61231373:0:3:43:False:2020-04-15
17:ecmascript-6:61227120:0:4:33:True:2020-04-15
18:ecmascript-6:61226325:0:2:45:False:2020-04-15
19:ecmascript-6:61225816:0:2:208:False:2020-04-15
20:ecmascript-6:61225740:0:1:33:True:2020-04-15
21:ecmascript-6:61225554:0:3:44:True:2020-04-15
22:ecmascript-6:61225105:0:1:37:False:2020-04-15
23:ecmascript-6:61220275:0:1:63:True:2020-04-15
24:ecmascript-6:61218692:1:1:273:True:2020-04-14
25:ecmascript-6:61218070:0:1:41:True:2020-04-14
26:ecmascript-6:61216329:0:2:23:True:2020-04-14
27:ecmascript-6:61215427:1:1:241:False:2020-04-14
28:ecmascript-6:61212502:-3:3:40:False:2020-04-14
29:ecmascript-6:61211971:0:2:928:True:2020-04-14
30:ecmascript-6:61211329:2:5:7000:False:2020-04-14
31:ecmascript-6:61209157:1:4:81:True:2020-04-14
32:ecmascript-6:61208279:0:1:40:False:2020-04-14
33:ecmascript-6:61206985:0:1:246:False:2020-04-14
34:ecmascript-6:61205924:0:6:59:True:2020-04-14
35:ecmascript-6:61202745:0:1:15:False:2020-04-14
36:ecmascript-6:61200787:0:2:606:False:2020-04-14
37:ecmascript-6:61198632:0:1:27:True:2020-04-13
38:ecmascript-6:61197613:2:1:171:True:2020-04-13
39:ecmascript-6:61196017:0:1:32:False:2020-04-13
40:ecmascript-6:61194338:-1:2:36:True:2020-04-13
41:ecmascript-6:61191081:0:1:34:True:2020-04-13
42:ecmascript-6:61189145:0:4:44:False:2020-04-13
43:ecmascript-6:61188174:-1:2:30:False:2020-04-13
44:ecmascript-6:61188129:1:2:545:True:2020-04-13
45:ecmascript-6:61186982:2:1:473:True:2020-04-13
46:ecmascript-6:61186694:1:2:1000:True:2020-04-13
47:ecmascript-6:61186388:5:2:2000:False:2020-04-13
48:ecmascript-6:61184477:0:2:39:False:2020-04-13
49:ecmascript-6:61183510:0:2:70:True:2020-04-13
:tag:id:vote:answer:views:accepted:date
0:ecmascript-6:61182765:0:0:265:False:2020-04-13
1:ecmascript-6:61180420:0:1:37:True:2020-04-13
2:ecmascript-6:61179288:1:1:45:True:2020-04-12
3:ecmascript-6:61178475:0:0:23:False:2020-04-12
4:ecmascript-6:61178061:0:0:21:False:2020-04-12
5:ecmascript-6:61173750:0:0:7:False:2020-04-12
6:ecmascript-6:61173542:0:1:486:True:2020-04-12
7:ecmascript-6:61170926:0:2:173:True:2020-04-12
8:ecmascript-6:61170672:0:1:155:False:2020-04-12
9:ecmascript-6:61167256:-1:2:52:True:2020-04-12
10:ecmascript-6:61166667:0:4:2000:True:2020-04-12
11:ecmascript-6:61164955:5:1:569:False:2020-04-11
12:ecmascript-6:61163520:4:1:3000:True:2020-04-11
13:ecmascript-6:61162736:-3:3:99:True:2020-04-11
14:ecmascript-6:61162539:0:1:47:True:2020-04-11
15:ecmascript-6:61161466:0:1:151:True:2020-04-11
16:ecmascript-6:61159472:3:3:339:True:2020-04-11
17:ecmascript-6:61156277:0:1:47:False:2020-04-11
18:ecmascript-6:61152089:-3:1:61:True:2020-04-11
19:ecmascript-6:61152067:0:1:164:True:2020-04-11
20:ecmascript-6:61151108:1:1:2000:True:2020-04-11
21:ecmascript-6:61148486:1:1:81:False:2020-04-10
22:ecmascript-6:61145910:1:2:243:False:2020-04-10
23:ecmascript-6:61145800:0:1:77:True:2020-04-10
24:ecmascript-6:61144794:1:7:68:False:2020-04-10
25:ecmascript-6:61144372:4:4:520:True:2020-04-10
26:ecmascript-6:61141826:0:1:36:False:2020-04-10
27:ecmascript-6:61139882:0:2:95:False:2020-04-10
28:ecmascript-6:61139707:3:2:70:True:2020-04-10
29:ecmascript-6:61138438:0:2:61:True:2020-04-10
30:ecmascript-6:61138056:0:2:92:False:2020-04-10
31:ecmascript-6:61137140:1:2:70:False:2020-04-10
32:ecmascript-6:61136634:0:2:232:True:2020-04-10
33:ecmascript-6:61133989:3:1:374:True:2020-04-10
34:ecmascript-6:61131906:0:1:51:False:2020-04-09
35:ecmascript-6:61127885:0:0:44:False:2020-04-09
36:ecmascript-6:61126585:0:2:319:True:2020-04-09
37:ecmascript-6:61125487:0:0:63:False:2020-04-09
38:ecmascript-6:61124367:2:2:38:True:2020-04-09
39:ecmascript-6:61123931:0:1:375:False:2020-04-09
40:ecmascript-6:61119912:0:1:32:True:2020-04-09
41:ecmascript-6:61117891:-2:2:40:True:2020-04-09
42:ecmascript-6:61116740:0:1:17:False:2020-04-09
43:ecmascript-6:61113522:0:0:47:False:2020-04-09
44:ecmascript-6:61112537:4:2:47:False:2020-04-09
45:ecmascript-6:61111720:0:1:334:True:2020-04-08
46:ecmascript-6:61109254:0:1:122:True:2020-04-08
47:ecmascript-6:61105537:0:2:176:True:2020-04-08
48:ecmascript-6:61103440:0:1:126:False:2020-04-08
49:ecmascript-6:61101276:0:1:57:True:2020-04-08
:tag:id:vote:answer:views:accepted:date
0:ecmascript-6:61098481:1:5:71:True:2020-04-08
1:ecmascript-6:61097055:0:0:32:False:2020-04-08
2:ecmascript-6:61095637:0:1:69:True:2020-04-08
3:ecmascript-6:61091209:0:3:300:True:2020-04-07
4:ecmascript-6:61088515:0:1:31:False:2020-04-07
5:ecmascript-6:61086207:1:0:19:False:2020-04-07
6:ecmascript-6:61085488:0:2:42:False:2020-04-07
7:ecmascript-6:61085123:1:1:49:True:2020-04-07
8:ecmascript-6:61085006:1:2:6000:False:2020-04-07
9:ecmascript-6:61082389:1:1:44:False:2020-04-07
10:ecmascript-6:61075692:2:5:144:True:2020-04-07
11:ecmascript-6:61075213:0:1:39:True:2020-04-07
12:ecmascript-6:61074427:0:3:42:True:2020-04-07
13:ecmascript-6:61071950:0:1:230:True:2020-04-07
14:ecmascript-6:61069890:0:2:30:True:2020-04-06
15:ecmascript-6:61068474:9:1:158:False:2020-04-06
16:ecmascript-6:61067876:0:3:27:True:2020-04-06
17:ecmascript-6:61066925:0:2:63:True:2020-04-06
18:ecmascript-6:61065741:0:1:199:True:2020-04-06
19:ecmascript-6:61063879:3:3:9000:True:2020-04-06
20:ecmascript-6:61062732:3:0:34:False:2020-04-06
21:ecmascript-6:61059945:-1:1:82:True:2020-04-06
22:ecmascript-6:61058323:0:1:76:False:2020-04-06
23:ecmascript-6:61056697:1:3:230:True:2020-04-06
24:ecmascript-6:61055079:0:3:54:False:2020-04-06
25:ecmascript-6:61050394:1:1:1000:False:2020-04-05
26:ecmascript-6:61048056:2:1:704:False:2020-04-05
27:ecmascript-6:61047692:-1:1:31:True:2020-04-05
28:ecmascript-6:61045488:1:0:34:False:2020-04-05
29:ecmascript-6:61042298:0:4:50:True:2020-04-05
30:ecmascript-6:61040678:0:3:53:True:2020-04-05
31:ecmascript-6:61039552:2:1:474:True:2020-04-05
32:ecmascript-6:61035624:0:1:39:True:2020-04-04
33:ecmascript-6:61031269:1:1:631:True:2020-04-04
34:ecmascript-6:61030410:0:1:493:False:2020-04-04
35:ecmascript-6:61024727:-1:1:465:True:2020-04-04
36:ecmascript-6:61022657:0:1:31:True:2020-04-04
37:ecmascript-6:61021107:0:0:32:False:2020-04-03
38:ecmascript-6:61017794:0:1:13:False:2020-04-03
39:ecmascript-6:61015503:-5:1:136:False:2020-04-03
40:ecmascript-6:61015299:2:3:5000:True:2020-04-03
41:ecmascript-6:61011983:0:2:50:True:2020-04-03
42:ecmascript-6:61010096:1:4:107:True:2020-04-03
43:ecmascript-6:61009422:0:1:76:True:2020-04-03
44:ecmascript-6:61007764:0:2:333:False:2020-04-03
45:ecmascript-6:61007713:1:0:63:False:2020-04-03
46:ecmascript-6:61007393:0:0:20:False:2020-04-03
47:ecmascript-6:61005026:0:1:2000:False:2020-04-03
48:ecmascript-6:61003326:0:1:32:True:2020-04-03
49:ecmascript-6:61001507:1:1:45:False:2020-04-02
:tag:id:vote:answer:views:accepted:date
0:ecmascript-6:61000358:1:3:49:True:2020-04-02
1:ecmascript-6:60999611:2:2:647:False:2020-04-02
2:ecmascript-6:60999372:1:0:200:False:2020-04-02
3:ecmascript-6:60999230:0:1:96:True:2020-04-02
4:ecmascript-6:60998440:0:0:90:False:2020-04-02
5:ecmascript-6:60997616:-1:2:27:True:2020-04-02
6:ecmascript-6:60996121:2:3:860:True:2020-04-02
7:ecmascript-6:60993812:22:6:20000:True:2020-04-02
8:ecmascript-6:60993026:1:1:205:True:2020-04-02
9:ecmascript-6:60990812:-3:4:59:True:2020-04-02
10:ecmascript-6:60988421:2:2:80:True:2020-04-02
11:ecmascript-6:60984710:-1:1:157:True:2020-04-02
12:ecmascript-6:60984431:0:1:84:True:2020-04-02
13:ecmascript-6:60982404:-1:1:38:True:2020-04-02
14:ecmascript-6:60980426:-1:1:62:True:2020-04-01
15:ecmascript-6:60980357:0:0:638:False:2020-04-01
16:ecmascript-6:60979853:0:1:252:False:2020-04-01
17:ecmascript-6:60976032:0:1:158:False:2020-04-01
18:ecmascript-6:60975477:3:3:213:False:2020-04-01
19:ecmascript-6:60971635:0:1:31:True:2020-04-01
20:ecmascript-6:60969902:0:1:26:True:2020-04-01
21:ecmascript-6:60968548:0:1:85:False:2020-04-01
22:ecmascript-6:60964772:1:3:309:True:2020-04-01
23:ecmascript-6:60957344:1:3:71:True:2020-03-31
24:ecmascript-6:60955961:2:5:277:True:2020-03-31
25:ecmascript-6:60955892:1:1:181:True:2020-03-31
26:ecmascript-6:60955458:2:0:656:False:2020-03-31
27:ecmascript-6:60953632:0:2:42:True:2020-03-31
28:ecmascript-6:60951254:1:4:74:True:2020-03-31
29:ecmascript-6:60950892:0:2:20:True:2020-03-31
30:ecmascript-6:60949907:1:1:5000:False:2020-03-31
31:ecmascript-6:60948477:1:2:102:False:2020-03-31
32:ecmascript-6:60948093:2:3:380:False:2020-03-31
33:ecmascript-6:60947952:0:2:145:True:2020-03-31
34:ecmascript-6:60938427:0:1:28:True:2020-03-30
35:ecmascript-6:60938228:3:0:264:False:2020-03-30
36:ecmascript-6:60937953:0:2:44:False:2020-03-30
37:ecmascript-6:60937942:2:1:474:False:2020-03-30
38:ecmascript-6:60934497:0:1:37:True:2020-03-30
39:ecmascript-6:60933741:-1:1:123:True:2020-03-30
40:ecmascript-6:60928457:0:1:2000:False:2020-03-30
41:ecmascript-6:60919214:0:1:430:False:2020-03-29
42:ecmascript-6:60918853:0:2:41:True:2020-03-29
43:ecmascript-6:60918538:0:1:90:True:2020-03-29
44:ecmascript-6:60917619:-1:2:35:True:2020-03-29
45:ecmascript-6:60916634:0:3:184:True:2020-03-29
46:ecmascript-6:60911717:0:1:36:True:2020-03-29
47:ecmascript-6:60909684:1:1:62:True:2020-03-29
48:ecmascript-6:60908251:1:3:76:True:2020-03-28
49:ecmascript-6:60903504:3:1:182:True:2020-03-28
:tag:id:vote:answer:views:accepted:date
0:ecmascript-6:60903201:-1:1:33:True:2020-03-28
1:ecmascript-6:60903035:0:0:45:False:2020-03-28
2:ecmascript-6:60898801:0:3:58:True:2020-03-28
3:ecmascript-6:60890536:0:1:37:False:2020-03-27
4:ecmascript-6:60887715:1:2:2000:True:2020-03-27
5:ecmascript-6:60885618:1:4:675:True:2020-03-27
6:ecmascript-6:60885415:0:4:307:True:2020-03-27
7:ecmascript-6:60884944:0:3:162:True:2020-03-27
8:ecmascript-6:60881174:1:1:36:True:2020-03-27
9:ecmascript-6:60879808:0:1:67:True:2020-03-27
10:ecmascript-6:60879647:0:1:47:True:2020-03-27
11:ecmascript-6:60877418:0:2:2000:False:2020-03-26
12:ecmascript-6:60874735:0:1:74:False:2020-03-26
13:ecmascript-6:60874186:-1:1:851:True:2020-03-26
14:ecmascript-6:60873965:2:1:107:False:2020-03-26
15:ecmascript-6:60872419:1:2:151:True:2020-03-26
16:ecmascript-6:60871688:0:1:37:True:2020-03-26
17:ecmascript-6:60866581:0:0:73:False:2020-03-26
18:ecmascript-6:60864710:0:1:126:False:2020-03-26
19:ecmascript-6:60861090:0:4:364:False:2020-03-26
20:ecmascript-6:60858257:0:2:175:False:2020-03-25
21:ecmascript-6:60857002:0:2:32:True:2020-03-25
22:ecmascript-6:60855518:0:1:31:True:2020-03-25
23:ecmascript-6:60854888:3:2:9000:True:2020-03-25
24:ecmascript-6:60853599:0:1:34:True:2020-03-25
25:ecmascript-6:60849144:0:1:30:False:2020-03-25
26:ecmascript-6:60848382:0:0:34:False:2020-03-25
27:ecmascript-6:60846178:0:4:289:False:2020-03-25
28:ecmascript-6:60843897:0:1:56:True:2020-03-25
29:ecmascript-6:60842803:1:2:356:True:2020-03-25
30:ecmascript-6:60842789:1:2:64:False:2020-03-25
31:ecmascript-6:60841606:1:0:95:False:2020-03-25
32:ecmascript-6:60840842:1:2:37:True:2020-03-24
33:ecmascript-6:60840283:0:1:29:False:2020-03-24
34:ecmascript-6:60839119:0:1:36:False:2020-03-24
35:ecmascript-6:60837804:5:3:704:True:2020-03-24
36:ecmascript-6:60836411:-2:1:65:True:2020-03-24
37:ecmascript-6:60835848:-1:1:24:True:2020-03-24
38:ecmascript-6:60834680:0:1:312:False:2020-03-24
39:ecmascript-6:60832481:1:0:43:False:2020-03-24
40:ecmascript-6:60831487:0:1:93:True:2020-03-24
41:ecmascript-6:60831337:1:1:358:True:2020-03-24
42:ecmascript-6:60829955:3:2:87:True:2020-03-24
43:ecmascript-6:60829472:0:0:2000:False:2020-03-24
44:ecmascript-6:60826754:1:2:30:True:2020-03-24
45:ecmascript-6:60825858:-1:2:47:False:2020-03-24
46:ecmascript-6:60825092:0:5:72:True:2020-03-24
47:ecmascript-6:60824612:0:1:13:True:2020-03-24
48:ecmascript-6:60824266:-1:2:131:True:2020-03-24
49:ecmascript-6:60821777:0:1:24:True:2020-03-23
:tag:id:vote:answer:views:accepted:date
0:ecmascript-6:60814727:0:2:350:True:2020-03-23
1:ecmascript-6:60813938:2:1:38:True:2020-03-23
2:ecmascript-6:60813813:2:1:73:True:2020-03-23
3:ecmascript-6:60813581:0:0:48:False:2020-03-23
4:ecmascript-6:60812020:1:3:815:True:2020-03-23
5:ecmascript-6:60811912:3:1:2000:False:2020-03-23
6:ecmascript-6:60809598:-7:2:52:False:2020-03-23
7:ecmascript-6:60808774:1:1:53:True:2020-03-23
8:ecmascript-6:60808184:0:5:300:True:2020-03-23
9:ecmascript-6:60807535:1:2:81:True:2020-03-23
10:ecmascript-6:60803711:1:4:108:True:2020-03-22
11:ecmascript-6:60802487:0:1:2000:True:2020-03-22
12:ecmascript-6:60801977:0:3:195:False:2020-03-22
13:ecmascript-6:60801350:1:1:31:True:2020-03-22
14:ecmascript-6:60800013:2:3:68:True:2020-03-22
15:ecmascript-6:60799975:2:2:41:True:2020-03-22
16:ecmascript-6:60799902:0:0:113:False:2020-03-22
17:ecmascript-6:60797577:0:3:84:True:2020-03-22
18:ecmascript-6:60796159:1:1:44:False:2020-03-22
19:ecmascript-6:60795057:2:1:643:True:2020-03-22
20:ecmascript-6:60794920:0:2:43:False:2020-03-22
21:ecmascript-6:60794005:2:1:43:True:2020-03-21
22:ecmascript-6:60792678:-2:1:16:True:2020-03-21
23:ecmascript-6:60790001:-2:3:42:False:2020-03-21
24:ecmascript-6:60783362:1:2:40:True:2020-03-21
25:ecmascript-6:60782479:-1:2:30:True:2020-03-20
26:ecmascript-6:60781856:0:2:688:True:2020-03-20
27:ecmascript-6:60778411:1:0:75:False:2020-03-20
28:ecmascript-6:60777621:1:2:244:False:2020-03-20
29:ecmascript-6:60775392:2:0:277:False:2020-03-20
30:ecmascript-6:60775195:1:3:58:False:2020-03-20
31:ecmascript-6:60769176:1:0:31:False:2020-03-20
32:ecmascript-6:60768530:1:4:331:True:2020-03-20
33:ecmascript-6:60768369:0:1:19:False:2020-03-20
34:ecmascript-6:60767563:0:6:245:True:2020-03-20
35:ecmascript-6:60767420:0:1:34:False:2020-03-20
36:ecmascript-6:60767393:0:3:39:True:2020-03-20
37:ecmascript-6:60766793:2:1:29:False:2020-03-20
38:ecmascript-6:60765631:0:1:551:True:2020-03-19
39:ecmascript-6:60763510:0:1:160:True:2020-03-19
40:ecmascript-6:60763441:1:4:2000:False:2020-03-19
41:ecmascript-6:60763368:0:1:346:True:2020-03-19
42:ecmascript-6:60763066:-1:2:197:False:2020-03-19
43:ecmascript-6:60762767:4:0:95:False:2020-03-19
44:ecmascript-6:60758997:0:1:29:True:2020-03-19
45:ecmascript-6:60758943:0:1:94:True:2020-03-19
46:ecmascript-6:60758812:0:1:837:False:2020-03-19
47:ecmascript-6:60758699:0:0:1000:False:2020-03-19
48:ecmascript-6:60758195:1:3:1000:True:2020-03-19
49:ecmascript-6:60755533:0:1:51:False:2020-03-19
:tag:id:vote:answer:views:accepted:date
0:ecmascript-6:60754963:3:3:4000:True:2020-03-19
1:ecmascript-6:60752976:2:4:54:True:2020-03-19
2:ecmascript-6:60752616:2:1:41:True:2020-03-19
3:ecmascript-6:60752251:0:3:54:True:2020-03-19
4:ecmascript-6:60752082:1:1:471:True:2020-03-19
5:ecmascript-6:60751634:0:0:63:False:2020-03-19
6:ecmascript-6:60750302:0:1:1000:True:2020-03-19
7:ecmascript-6:60749934:2:3:92:True:2020-03-19
8:ecmascript-6:60742107:1:3:95:True:2020-03-18
9:ecmascript-6:60741734:1:0:361:False:2020-03-18
10:ecmascript-6:60741029:0:0:48:False:2020-03-18
11:ecmascript-6:60738816:0:1:167:True:2020-03-18
12:ecmascript-6:60737228:0:1:483:False:2020-03-18
13:ecmascript-6:60735665:0:0:26:False:2020-03-18
14:ecmascript-6:60735384:1:1:33:True:2020-03-18
15:ecmascript-6:60735194:0:4:180:True:2020-03-18
16:ecmascript-6:60735050:3:2:6000:True:2020-03-18
17:ecmascript-6:60734370:1:2:45:True:2020-03-18
18:ecmascript-6:60733541:2:1:35:True:2020-03-18
19:ecmascript-6:60731668:1:2:34:True:2020-03-17
20:ecmascript-6:60730669:0:1:20:True:2020-03-17
21:ecmascript-6:60730530:0:1:26:True:2020-03-17
22:ecmascript-6:60728887:0:2:63:False:2020-03-17
23:ecmascript-6:60727789:1:2:41:True:2020-03-17
24:ecmascript-6:60726763:0:1:33:False:2020-03-17
25:ecmascript-6:60725723:-1:1:81:False:2020-03-17
26:ecmascript-6:60723971:2:1:45:True:2020-03-17
27:ecmascript-6:60723767:0:3:675:True:2020-03-17
28:ecmascript-6:60720982:0:0:9:False:2020-03-17
29:ecmascript-6:60719807:0:1:39:False:2020-03-17
30:ecmascript-6:60718546:-1:1:62:False:2020-03-17
31:ecmascript-6:60718145:0:1:56:False:2020-03-17
32:ecmascript-6:60715085:0:0:27:False:2020-03-17
33:ecmascript-6:60713784:2:3:54:True:2020-03-16
34:ecmascript-6:60712238:0:1:276:True:2020-03-16
35:ecmascript-6:60711531:1:1:54:True:2020-03-16
36:ecmascript-6:60710665:0:0:70:False:2020-03-16
37:ecmascript-6:60710325:0:0:25:False:2020-03-16
38:ecmascript-6:60706826:1:1:61:False:2020-03-16
39:ecmascript-6:60706156:0:2:57:True:2020-03-16
40:ecmascript-6:60703668:2:1:54:True:2020-03-16
41:ecmascript-6:60702655:0:0:64:False:2020-03-16
42:ecmascript-6:60700099:1:2:53:False:2020-03-16
43:ecmascript-6:60697157:0:3:123:True:2020-03-15
44:ecmascript-6:60694668:0:1:57:True:2020-03-15
45:ecmascript-6:60694142:1:2:61:True:2020-03-15
46:ecmascript-6:60691711:0:2:100:True:2020-03-15
47:ecmascript-6:60691379:3:3:45:False:2020-03-15
48:ecmascript-6:60689986:0:1:87:False:2020-03-15
49:ecmascript-6:60687453:0:3:61:True:2020-03-14
:tag:id:vote:answer:views:accepted:date
0:ecmascript-6:60683689:0:1:18:True:2020-03-14
1:ecmascript-6:60683537:2:1:146:True:2020-03-14
2:ecmascript-6:60683529:2:4:2000:True:2020-03-14
3:ecmascript-6:60682616:3:1:1000:False:2020-03-14
4:ecmascript-6:60680108:1:1:75:True:2020-03-14
5:ecmascript-6:60677139:0:3:65:False:2020-03-13
6:ecmascript-6:60676029:1:0:18:False:2020-03-13
7:ecmascript-6:60670291:4:3:1000:True:2020-03-13
8:ecmascript-6:60669871:1:1:803:True:2020-03-13
9:ecmascript-6:60665249:0:0:58:False:2020-03-13
10:ecmascript-6:60664752:0:1:44:False:2020-03-13
11:ecmascript-6:60661265:1:1:69:False:2020-03-12
12:ecmascript-6:60660431:0:1:55:False:2020-03-12
13:ecmascript-6:60656555:0:1:140:False:2020-03-12
14:ecmascript-6:60655166:6:2:290:True:2020-03-12
15:ecmascript-6:60655032:1:0:100:False:2020-03-12
16:ecmascript-6:60653070:6:4:7000:True:2020-03-12
17:ecmascript-6:60652932:4:2:57:True:2020-03-12
18:ecmascript-6:60651211:0:1:94:True:2020-03-12
19:ecmascript-6:60649749:-2:5:74:True:2020-03-12
20:ecmascript-6:60649512:1:1:493:False:2020-03-12
21:ecmascript-6:60645182:0:0:38:False:2020-03-11
22:ecmascript-6:60644678:-3:3:71:False:2020-03-11
23:ecmascript-6:60644038:2:3:57:False:2020-03-11
24:ecmascript-6:60643908:0:1:262:True:2020-03-11
25:ecmascript-6:60639792:1:1:72:True:2020-03-11
26:ecmascript-6:60636923:0:1:87:False:2020-03-11
27:ecmascript-6:60636476:1:0:325:False:2020-03-11
28:ecmascript-6:60633639:0:3:82:True:2020-03-11
29:ecmascript-6:60629726:0:0:125:False:2020-03-11
30:ecmascript-6:60629514:1:2:71:True:2020-03-11
31:ecmascript-6:60628762:-3:1:128:True:2020-03-11
32:ecmascript-6:60628515:0:0:83:False:2020-03-11
33:ecmascript-6:60627158:2:3:111:True:2020-03-10
34:ecmascript-6:60622074:1:0:46:False:2020-03-10
35:ecmascript-6:60615901:-1:3:751:False:2020-03-10
36:ecmascript-6:60615629:0:2:51:True:2020-03-10
37:ecmascript-6:60614396:0:0:69:False:2020-03-10
38:ecmascript-6:60612879:0:2:72:True:2020-03-10
39:ecmascript-6:60610730:0:3:123:False:2020-03-10
40:ecmascript-6:60608927:0:2:149:True:2020-03-09
41:ecmascript-6:60608240:-1:3:223:False:2020-03-09
42:ecmascript-6:60607796:0:2:23:True:2020-03-09
43:ecmascript-6:60606990:0:1:547:False:2020-03-09
44:ecmascript-6:60606960:0:1:121:True:2020-03-09
45:ecmascript-6:60606161:0:1:1000:False:2020-03-09
46:ecmascript-6:60606094:0:1:101:False:2020-03-09
47:ecmascript-6:60604003:0:1:46:False:2020-03-09
48:ecmascript-6:60603687:2:2:94:True:2020-03-09
49:ecmascript-6:60602174:0:1:46:True:2020-03-09
:tag:id:vote:answer:views:accepted:date
0:ecmascript-6:60601652:0:1:33:True:2020-03-09
1:ecmascript-6:60599740:1:1:83:True:2020-03-09
2:ecmascript-6:60595658:3:3:13000:True:2020-03-09
3:ecmascript-6:60593806:-2:1:40:False:2020-03-09
4:ecmascript-6:60590700:0:2:678:True:2020-03-08
5:ecmascript-6:60588927:1:1:38:True:2020-03-08
6:ecmascript-6:60586470:15:5:5000:True:2020-03-08
7:ecmascript-6:60586392:3:1:139:False:2020-03-08
8:ecmascript-6:60582173:2:2:916:True:2020-03-07
9:ecmascript-6:60578948:1:1:41:True:2020-03-07
10:ecmascript-6:60577943:0:2:359:False:2020-03-07
11:ecmascript-6:60574419:2:1:2000:False:2020-03-07
12:ecmascript-6:60570505:0:2:933:True:2020-03-06
13:ecmascript-6:60570158:2:1:236:True:2020-03-06
14:ecmascript-6:60568943:1:1:52:True:2020-03-06
15:ecmascript-6:60567662:1:2:440:True:2020-03-06
16:ecmascript-6:60564341:2:5:46:False:2020-03-06
17:ecmascript-6:60563839:0:1:36:False:2020-03-06
18:ecmascript-6:60563657:0:0:32:False:2020-03-06
19:ecmascript-6:60562457:8:5:5000:True:2020-03-06
20:ecmascript-6:60562321:0:3:273:False:2020-03-06
21:ecmascript-6:60561324:1:1:2000:True:2020-03-06
22:ecmascript-6:60560728:1:1:166:True:2020-03-06
23:ecmascript-6:60560674:0:2:32:True:2020-03-06
24:ecmascript-6:60559274:-1:1:240:True:2020-03-06
25:ecmascript-6:60554723:-2:1:154:False:2020-03-05
26:ecmascript-6:60554236:0:1:28:False:2020-03-05
27:ecmascript-6:60551119:0:1:49:False:2020-03-05
28:ecmascript-6:60550714:1:1:43:True:2020-03-05
29:ecmascript-6:60550470:1:1:699:False:2020-03-05
30:ecmascript-6:60548671:1:1:111:True:2020-03-05
31:ecmascript-6:60548305:0:6:3000:False:2020-03-05
32:ecmascript-6:60547805:-1:1:26:False:2020-03-05
33:ecmascript-6:60547734:0:2:61:False:2020-03-05
34:ecmascript-6:60547335:0:2:105:True:2020-03-05
35:ecmascript-6:60545728:2:1:103:True:2020-03-05
36:ecmascript-6:60545252:1:1:2000:True:2020-03-05
37:ecmascript-6:60543593:2:2:139:False:2020-03-05
38:ecmascript-6:60542307:0:1:515:True:2020-03-05
39:ecmascript-6:60542029:3:2:192:True:2020-03-05
40:ecmascript-6:60537320:4:0:304:False:2020-03-05
41:ecmascript-6:60535665:0:0:45:False:2020-03-04
42:ecmascript-6:60535030:0:1:139:False:2020-03-04
43:ecmascript-6:60534751:0:1:856:False:2020-03-04
44:ecmascript-6:60531624:0:1:346:False:2020-03-04
45:ecmascript-6:60531507:-1:1:33:True:2020-03-04
46:ecmascript-6:60530904:0:0:25:False:2020-03-04
47:ecmascript-6:60528607:0:1:104:False:2020-03-04
48:ecmascript-6:60527681:0:4:51:True:2020-03-04
49:ecmascript-6:60526177:0:3:64:True:2020-03-04
:tag:id:vote:answer:views:accepted:date
0:ecmascript-6:60524851:2:3:3000:True:2020-03-04
1:ecmascript-6:60524763:0:1:298:False:2020-03-04
2:ecmascript-6:60523997:0:0:27:False:2020-03-04
3:ecmascript-6:60522732:0:0:44:False:2020-03-04
4:ecmascript-6:60522000:0:1:33:True:2020-03-04
5:ecmascript-6:60521878:0:1:70:True:2020-03-04
6:ecmascript-6:60520570:0:0:170:False:2020-03-04
7:ecmascript-6:60518895:0:1:392:True:2020-03-04
8:ecmascript-6:60518335:1:1:2000:True:2020-03-04
9:ecmascript-6:60514135:1:1:23:False:2020-03-03
10:ecmascript-6:60511847:0:1:38:False:2020-03-03
11:ecmascript-6:60508992:0:1:58:True:2020-03-03
12:ecmascript-6:60508577:1:1:110:True:2020-03-03
13:ecmascript-6:60508396:2:1:168:True:2020-03-03
14:ecmascript-6:60506174:0:1:59:True:2020-03-03
15:ecmascript-6:60505332:2:0:2000:False:2020-03-03
16:ecmascript-6:60496022:8:1:4000:False:2020-03-02
17:ecmascript-6:60495078:0:1:58:True:2020-03-02
18:ecmascript-6:60491933:0:1:353:False:2020-03-02
19:ecmascript-6:60491517:5:3:76:True:2020-03-02
20:ecmascript-6:60491295:0:2:61:True:2020-03-02
21:ecmascript-6:60487677:0:1:155:True:2020-03-02
22:ecmascript-6:60487301:1:2:264:True:2020-03-02
23:ecmascript-6:60487295:0:2:66:False:2020-03-02
24:ecmascript-6:60485170:0:2:57:True:2020-03-02
25:ecmascript-6:60481104:0:1:127:False:2020-03-02
26:ecmascript-6:60481043:-1:1:75:False:2020-03-02
27:ecmascript-6:60481040:2:1:44:True:2020-03-02
28:ecmascript-6:60480629:-1:1:71:True:2020-03-01
29:ecmascript-6:60480566:0:1:52:True:2020-03-01
30:ecmascript-6:60480296:0:1:204:True:2020-03-01
31:ecmascript-6:60478487:1:2:77:True:2020-03-01
32:ecmascript-6:60477050:0:2:51:True:2020-03-01
33:ecmascript-6:60475522:3:1:59:True:2020-03-01
34:ecmascript-6:60474394:2:1:616:False:2020-03-01
35:ecmascript-6:60469506:0:3:111:True:2020-02-29
36:ecmascript-6:60468527:0:1:49:True:2020-02-29
37:ecmascript-6:60465585:0:2:38:False:2020-02-29
38:ecmascript-6:60465058:0:2:330:True:2020-02-29
39:ecmascript-6:60459052:4:8:163:False:2020-02-28
40:ecmascript-6:60457170:0:1:126:False:2020-02-28
41:ecmascript-6:60455305:1:0:59:False:2020-02-28
42:ecmascript-6:60451578:1:2:176:True:2020-02-28
43:ecmascript-6:60446882:0:0:37:False:2020-02-28
44:ecmascript-6:60442827:0:1:24:True:2020-02-27
45:ecmascript-6:60440672:0:1:18:False:2020-02-27
46:ecmascript-6:60438437:0:2:55:True:2020-02-27
47:ecmascript-6:60436780:-1:3:61:True:2020-02-27
48:ecmascript-6:60436453:1:3:972:True:2020-02-27
49:ecmascript-6:60434310:0:1:30:True:2020-02-27
:tag:id:vote:answer:views:accepted:date
0:ecmascript-6:60433869:1:3:119:True:2020-02-27
1:ecmascript-6:60433484:-1:1:37:False:2020-02-27
2:ecmascript-6:60432543:0:2:70:False:2020-02-27
3:ecmascript-6:60427499:1:2:452:False:2020-02-27
4:ecmascript-6:60425579:0:2:33:True:2020-02-27
5:ecmascript-6:60421547:-1:1:42:False:2020-02-26
6:ecmascript-6:60421080:1:1:45:False:2020-02-26
7:ecmascript-6:60419788:0:1:63:False:2020-02-26
8:ecmascript-6:60418056:0:0:60:False:2020-02-26
9:ecmascript-6:60416824:0:1:34:False:2020-02-26
10:ecmascript-6:60415122:1:2:43:True:2020-02-26
11:ecmascript-6:60412288:-1:3:322:True:2020-02-26
12:ecmascript-6:60410015:1:0:44:False:2020-02-26
13:ecmascript-6:60409694:2:1:2000:False:2020-02-26
14:ecmascript-6:60407844:0:2:144:False:2020-02-26
15:ecmascript-6:60404361:1:2:1000:False:2020-02-25
16:ecmascript-6:60403581:0:0:61:False:2020-02-25
17:ecmascript-6:60403417:2:10:143:True:2020-02-25
18:ecmascript-6:60402611:-2:1:33:False:2020-02-25
19:ecmascript-6:60402089:1:0:34:False:2020-02-25
20:ecmascript-6:60401680:0:1:54:True:2020-02-25
21:ecmascript-6:60400441:0:1:41:True:2020-02-25
22:ecmascript-6:60398377:0:1:51:True:2020-02-25
23:ecmascript-6:60398362:4:1:107:True:2020-02-25
24:ecmascript-6:60397037:1:4:689:True:2020-02-25
25:ecmascript-6:60395789:3:4:76:True:2020-02-25
26:ecmascript-6:60395262:2:1:4000:True:2020-02-25
27:ecmascript-6:60394916:0:1:497:False:2020-02-25
28:ecmascript-6:60393691:0:6:190:True:2020-02-25
29:ecmascript-6:60393036:0:1:115:False:2020-02-25
30:ecmascript-6:60389972:1:3:156:True:2020-02-25
31:ecmascript-6:60389517:0:0:47:False:2020-02-25
32:ecmascript-6:60388619:-2:1:59:True:2020-02-25
33:ecmascript-6:60388348:0:2:334:False:2020-02-25
34:ecmascript-6:60385962:0:1:32:True:2020-02-25
35:ecmascript-6:60385583:0:2:111:True:2020-02-24
36:ecmascript-6:60383914:1:1:38:True:2020-02-24
37:ecmascript-6:60382860:0:1:50:False:2020-02-24
38:ecmascript-6:60381497:0:2:1000:True:2020-02-24
39:ecmascript-6:60381285:0:0:27:False:2020-02-24
40:ecmascript-6:60377894:8:5:15000:False:2020-02-24
41:ecmascript-6:60375268:1:0:420:False:2020-02-24
42:ecmascript-6:60373838:0:6:88:True:2020-02-24
43:ecmascript-6:60372790:25:4:8000:True:2020-02-24
44:ecmascript-6:60370721:0:2:63:True:2020-02-24
45:ecmascript-6:60370164:0:1:2000:False:2020-02-24
46:ecmascript-6:60369915:0:1:349:False:2020-02-24
47:ecmascript-6:60369808:1:2:4000:False:2020-02-24
48:ecmascript-6:60366401:0:6:59:False:2020-02-23
49:ecmascript-6:60364976:1:1:695:True:2020-02-23
:tag:id:vote:answer:views:accepted:date
0:ecmascript-6:60364933:0:1:25:False:2020-02-23
1:ecmascript-6:60362798:1:4:327:True:2020-02-23
2:ecmascript-6:60360601:2:1:1000:False:2020-02-23
3:ecmascript-6:60358093:1:1:210:True:2020-02-23
4:ecmascript-6:60355642:0:2:49:False:2020-02-22
5:ecmascript-6:60354213:-2:3:83:False:2020-02-22
6:ecmascript-6:60354206:0:1:30:True:2020-02-22
7:ecmascript-6:60348083:2:1:597:True:2020-02-22
8:ecmascript-6:60345796:-2:3:184:True:2020-02-21
9:ecmascript-6:60344800:3:1:91:True:2020-02-21
10:ecmascript-6:60344771:1:3:1000:True:2020-02-21
11:ecmascript-6:60343536:0:3:211:True:2020-02-21
12:ecmascript-6:60342196:0:2:32:False:2020-02-21
13:ecmascript-6:60341598:3:1:353:True:2020-02-21
14:ecmascript-6:60338944:0:3:5000:True:2020-02-21
15:ecmascript-6:60336888:1:3:145:False:2020-02-21
16:ecmascript-6:60333989:0:0:173:False:2020-02-21
17:ecmascript-6:60331743:-1:2:86:True:2020-02-21
18:ecmascript-6:60329746:1:2:27:True:2020-02-20
19:ecmascript-6:60326954:-2:2:45:True:2020-02-20
20:ecmascript-6:60326364:1:0:503:False:2020-02-20
21:ecmascript-6:60326333:1:1:65:True:2020-02-20
22:ecmascript-6:60326036:0:1:49:False:2020-02-20
23:ecmascript-6:60324418:0:0:42:False:2020-02-20
24:ecmascript-6:60323787:2:0:21:False:2020-02-20
25:ecmascript-6:60317535:0:1:492:True:2020-02-20
26:ecmascript-6:60317347:0:2:35:False:2020-02-20
27:ecmascript-6:60317251:4:4:2000:False:2020-02-20
28:ecmascript-6:60316326:1:1:153:True:2020-02-20
29:ecmascript-6:60313745:0:1:353:False:2020-02-20
30:ecmascript-6:60312008:0:1:573:False:2020-02-20
31:ecmascript-6:60311818:0:1:40:False:2020-02-20
32:ecmascript-6:60308294:0:1:58:False:2020-02-19
33:ecmascript-6:60306354:0:1:67:False:2020-02-19
34:ecmascript-6:60304298:0:1:348:False:2020-02-19
35:ecmascript-6:60303873:0:2:446:False:2020-02-19
36:ecmascript-6:60303544:1:3:76:True:2020-02-19
37:ecmascript-6:60303135:0:3:43:False:2020-02-19
38:ecmascript-6:60301464:0:1:138:False:2020-02-19
39:ecmascript-6:60300854:0:1:152:False:2020-02-19
40:ecmascript-6:60298980:0:1:17:False:2020-02-19
41:ecmascript-6:60298539:1:4:34:False:2020-02-19
42:ecmascript-6:60296778:0:4:54:True:2020-02-19
43:ecmascript-6:60295661:1:2:60:True:2020-02-19
44:ecmascript-6:60294556:-1:3:88:True:2020-02-19
45:ecmascript-6:60292858:-4:1:120:False:2020-02-19
46:ecmascript-6:60292735:1:3:49:False:2020-02-19
47:ecmascript-6:60292358:-2:2:36:False:2020-02-19
48:ecmascript-6:60287520:0:1:50:False:2020-02-18
49:ecmascript-6:60287098:1:1:147:True:2020-02-18
:tag:id:vote:answer:views:accepted:date
0:ecmascript-6:60285982:0:1:22:False:2020-02-18
1:ecmascript-6:60285647:0:1:38:True:2020-02-18
2:ecmascript-6:60284305:0:2:49:True:2020-02-18
3:ecmascript-6:60281419:1:2:143:False:2020-02-18
4:ecmascript-6:60280965:0:3:67:True:2020-02-18
5:ecmascript-6:60279310:1:0:140:False:2020-02-18
6:ecmascript-6:60278953:0:4:1000:True:2020-02-18
7:ecmascript-6:60276208:0:3:2000:True:2020-02-18
8:ecmascript-6:60275325:0:2:47:True:2020-02-18
9:ecmascript-6:60274992:0:3:109:False:2020-02-18
10:ecmascript-6:60274619:0:3:286:False:2020-02-18
11:ecmascript-6:60274064:0:2:53:True:2020-02-18
12:ecmascript-6:60272394:1:2:47:True:2020-02-18
13:ecmascript-6:60271056:0:1:381:True:2020-02-17
14:ecmascript-6:60270857:0:1:194:False:2020-02-17
15:ecmascript-6:60270480:0:2:78:False:2020-02-17
16:ecmascript-6:60268732:-1:1:39:True:2020-02-17
17:ecmascript-6:60266669:0:1:140:True:2020-02-17
18:ecmascript-6:60259183:1:1:603:False:2020-02-17
19:ecmascript-6:60258393:-1:2:71:False:2020-02-17
20:ecmascript-6:60258261:0:2:42:False:2020-02-17
21:ecmascript-6:60256099:0:1:160:True:2020-02-17
22:ecmascript-6:60253339:1:1:46:True:2020-02-16
23:ecmascript-6:60250021:1:1:50:True:2020-02-16
24:ecmascript-6:60248551:1:3:47:True:2020-02-16
25:ecmascript-6:60246247:0:0:30:False:2020-02-16
26:ecmascript-6:60243534:1:1:112:False:2020-02-15
27:ecmascript-6:60242771:0:1:78:True:2020-02-15
28:ecmascript-6:60237785:8:1:3000:True:2020-02-15
29:ecmascript-6:60236819:4:1:4000:True:2020-02-15
30:ecmascript-6:60234883:0:2:70:True:2020-02-15
31:ecmascript-6:60231799:4:5:250:True:2020-02-14
32:ecmascript-6:60231084:0:1:95:False:2020-02-14
33:ecmascript-6:60230675:1:1:35:True:2020-02-14
34:ecmascript-6:60229196:1:2:35:False:2020-02-14
35:ecmascript-6:60228766:0:1:177:True:2020-02-14
36:ecmascript-6:60226607:2:1:98:True:2020-02-14
37:ecmascript-6:60226177:0:0:85:False:2020-02-14
38:ecmascript-6:60224912:-2:2:450:True:2020-02-14
39:ecmascript-6:60224737:1:2:98:False:2020-02-14
40:ecmascript-6:60224582:2:2:481:False:2020-02-14
41:ecmascript-6:60224360:2:2:217:True:2020-02-14
42:ecmascript-6:60223299:0:1:71:True:2020-02-14
43:ecmascript-6:60222532:4:3:224:True:2020-02-14
44:ecmascript-6:60221209:0:1:35:False:2020-02-14
45:ecmascript-6:60221111:2:1:81:False:2020-02-14
46:ecmascript-6:60216997:3:1:102:True:2020-02-13
47:ecmascript-6:60216519:1:0:25:False:2020-02-13
48:ecmascript-6:60214339:2:2:69:True:2020-02-13
49:ecmascript-6:60213308:-1:1:76:True:2020-02-13
